0,"{'dimensions': [1, 1, 1], 'recursive_limit': 8, 'mass': 1, 'position': [0, 0, 0.5], 'joint_position': [0, 0.5, 0.5], 'joint_axis': ' 0.1416  0.1754 -0.1841', 'connections': [1]}"
1,"{'dimensions': [1, 1, 1], 'recursive_limit': 7, 'mass': 1, 'position': [0.0, 0.5, 0.0], 'joint_position': [0.0, 1.0, 0.0], 'joint_axis': '-0.3886  0.9921 -0.915 ', 'connections': [2]}"
2,"{'dimensions': [1, 1, 1], 'recursive_limit': 6, 'mass': 1, 'position': [0.0, 0.5, 0.0], 'joint_position': [0.0, 1.0, 0.0], 'joint_axis': ' 0.2753 -0.6004 -0.1346', 'connections': [3]}"
3,"{'dimensions': [1, 1, 1], 'recursive_limit': 5, 'mass': 1, 'position': [0.0, 0.5, 0.0], 'joint_position': [0.0, 1.0, 0.0], 'joint_axis': ' 0.0095  0.0028 -0.6336', 'connections': [4]}"
4,"{'dimensions': [1, 1, 1], 'recursive_limit': 4, 'mass': 1, 'position': [0.0, 0.5, 0.0], 'joint_position': [0.0, 1.0, 0.0], 'joint_axis': '-0.443  -0.6872  0.7365', 'connections': [5]}"
5,"{'dimensions': [1, 1, 1], 'recursive_limit': 3, 'mass': 1, 'position': [0.0, 0.5, 0.0], 'joint_position': [0.0, 1.0, 0.0], 'joint_axis': ' 0.2689 -0.2493  0.6316', 'connections': [6]}"
6,"{'dimensions': [1, 1, 1], 'recursive_limit': 2, 'mass': 1, 'position': [0.0, 0.5, 0.0], 'joint_position': [0.0, 1.0, 0.0], 'joint_axis': '-0.4159  0.7425  0.5708', 'connections': [7]}"
7,"{'dimensions': [1, 1, 1], 'recursive_limit': 1, 'mass': 1, 'position': [0.0, 0.5, 0.0], 'joint_position': [0.0, 1.0, 0.0], 'joint_axis': '-0.7428 -0.3671 -0.8321', 'connections': []}"

0,"{'dimensions': [1, 1, 1], 'recursive_limit': 8, 'mass': 1, 'position': [0, 0, 0.5], 'joint_position': [0, 0.5, 0.5], 'joint_axis': ' 0.6683 -0.1342  0.5376', 'connections': [1]}"
1,"{'dimensions': [1, 1, 1], 'recursive_limit': 7, 'mass': 1, 'position': [0.0, 0.5, 0.0], 'joint_position': [0.0, 1.0, 0.0], 'joint_axis': '-0.6768  0.7879  0.8007', 'connections': [2]}"
2,"{'dimensions': [1, 1, 1], 'recursive_limit': 6, 'mass': 1, 'position': [0.0, 0.5, 0.0], 'joint_position': [0.0, 1.0, 0.0], 'joint_axis': '-0.5375 -0.9029  0.919 ', 'connections': [3]}"
3,"{'dimensions': [1, 1, 1], 'recursive_limit': 5, 'mass': 1, 'position': [0.0, 0.5, 0.0], 'joint_position': [0.0, 1.0, 0.0], 'joint_axis': ' 0.9176 -0.1885 -0.9586', 'connections': [4]}"
4,"{'dimensions': [1, 1, 1], 'recursive_limit': 4, 'mass': 1, 'position': [0.0, 0.5, 0.0], 'joint_position': [0.0, 1.0, 0.0], 'joint_axis': '-0.1693 -0.7166  0.9788', 'connections': [5]}"
5,"{'dimensions': [1, 1, 1], 'recursive_limit': 3, 'mass': 1, 'position': [0.0, 0.5, 0.0], 'joint_position': [0.0, 1.0, 0.0], 'joint_axis': '-0.0686 -0.2174 -0.5099', 'connections': [6]}"
6,"{'dimensions': [1, 1, 1], 'recursive_limit': 2, 'mass': 1, 'position': [0.0, 0.5, 0.0], 'joint_position': [0.0, 1.0, 0.0], 'joint_axis': '-0.4476  0.3657  0.5177', 'connections': [7]}"
7,"{'dimensions': [1, 1, 1], 'recursive_limit': 1, 'mass': 1, 'position': [0.0, 0.5, 0.0], 'joint_position': [0.0, 1.0, 0.0], 'joint_axis': '-0.1195  0.6055  0.8773', 'connections': []}"

0,"{'dimensions': [1, 1, 1], 'recursive_limit': 8, 'mass': 1, 'position': [0, 0, 0.5], 'joint_position': [0, 0.5, 0.5], 'joint_axis': '-0.0966  0.9541  0.4378', 'connections': [1]}"
1,"{'dimensions': [1, 1, 1], 'recursive_limit': 7, 'mass': 1, 'position': [0.0, 0.5, 0.0], 'joint_position': [0.0, 1.0, 0.0], 'joint_axis': '-0.953  -0.093   0.4054', 'connections': [2]}"
2,"{'dimensions': [1, 1, 1], 'recursive_limit': 6, 'mass': 1, 'position': [0.0, 0.5, 0.0], 'joint_position': [0.0, 1.0, 0.0], 'joint_axis': ' 0.8654  0.4986 -0.7892', 'connections': [3]}"
3,"{'dimensions': [1, 1, 1], 'recursive_limit': 5, 'mass': 1, 'position': [0.0, 0.5, 0.0], 'joint_position': [0.0, 1.0, 0.0], 'joint_axis': ' 0.7967  0.6348 -0.4041', 'connections': [4]}"
4,"{'dimensions': [1, 1, 1], 'recursive_limit': 4, 'mass': 1, 'position': [0.0, 0.5, 0.0], 'joint_position': [0.0, 1.0, 0.0], 'joint_axis': '-0.0124 -0.6284 -0.6074', 'connections': [5]}"
5,"{'dimensions': [1, 1, 1], 'recursive_limit': 3, 'mass': 1, 'position': [0.0, 0.5, 0.0], 'joint_position': [0.0, 1.0, 0.0], 'joint_axis': ' 0.6013 -0.4253 -0.4308', 'connections': [6]}"
6,"{'dimensions': [1, 1, 1], 'recursive_limit': 2, 'mass': 1, 'position': [0.0, 0.5, 0.0], 'joint_position': [0.0, 1.0, 0.0], 'joint_axis': ' 0.0304  0.1422 -0.498 ', 'connections': [7]}"
7,"{'dimensions': [1, 1, 1], 'recursive_limit': 1, 'mass': 1, 'position': [0.0, 0.5, 0.0], 'joint_position': [0.0, 1.0, 0.0], 'joint_axis': '-0.7732  0.4623  0.0354', 'connections': []}"

0,"{'dimensions': [1, 1, 1], 'recursive_limit': 8, 'mass': 1, 'position': [0, 0, 0.5], 'joint_position': [0, 0.5, 0.5], 'joint_axis': '-0.0374  0.9363  0.3605', 'connections': [1]}"
1,"{'dimensions': [1, 1, 1], 'recursive_limit': 7, 'mass': 1, 'position': [0.0, 0.5, 0.0], 'joint_position': [0.0, 1.0, 0.0], 'joint_axis': '0.3383 0.4557 0.5149', 'connections': [2]}"
2,"{'dimensions': [1, 1, 1], 'recursive_limit': 6, 'mass': 1, 'position': [0.0, 0.5, 0.0], 'joint_position': [0.0, 1.0, 0.0], 'joint_axis': ' 0.4756  0.6304 -0.1661', 'connections': [3]}"
3,"{'dimensions': [1, 1, 1], 'recursive_limit': 5, 'mass': 1, 'position': [0.0, 0.5, 0.0], 'joint_position': [0.0, 1.0, 0.0], 'joint_axis': '-0.6425  0.498   0.6262', 'connections': [4]}"
4,"{'dimensions': [1, 1, 1], 'recursive_limit': 4, 'mass': 1, 'position': [0.0, 0.5, 0.0], 'joint_position': [0.0, 1.0, 0.0], 'joint_axis': ' 0.1219 -0.9856 -0.4501', 'connections': [5]}"
5,"{'dimensions': [1, 1, 1], 'recursive_limit': 3, 'mass': 1, 'position': [0.0, 0.5, 0.0], 'joint_position': [0.0, 1.0, 0.0], 'joint_axis': '0.5696 0.5465 0.034 ', 'connections': [6]}"
6,"{'dimensions': [1, 1, 1], 'recursive_limit': 2, 'mass': 1, 'position': [0.0, 0.5, 0.0], 'joint_position': [0.0, 1.0, 0.0], 'joint_axis': '-0.1899  0.6244 -0.6043', 'connections': [7]}"
7,"{'dimensions': [1, 1, 1], 'recursive_limit': 1, 'mass': 1, 'position': [0.0, 0.5, 0.0], 'joint_position': [0.0, 1.0, 0.0], 'joint_axis': '-0.5814 -0.6374 -0.9003', 'connections': []}"

0,"{'dimensions': [1, 1, 1], 'recursive_limit': 8, 'mass': 1, 'position': [0, 0, 0.5], 'joint_position': [0, 0.5, 0.5], 'joint_axis': ' 0.4665  0.8101 -0.1423', 'connections': [1]}"
1,"{'dimensions': [1, 1, 1], 'recursive_limit': 7, 'mass': 1, 'position': [0.0, 0.5, 0.0], 'joint_position': [0.0, 1.0, 0.0], 'joint_axis': '-0.7222 -0.3116  0.0795', 'connections': [2]}"
2,"{'dimensions': [1, 1, 1], 'recursive_limit': 6, 'mass': 1, 'position': [0.0, 0.5, 0.0], 'joint_position': [0.0, 1.0, 0.0], 'joint_axis': '0.376  0.9215 0.8244', 'connections': [3]}"
3,"{'dimensions': [1, 1, 1], 'recursive_limit': 5, 'mass': 1, 'position': [0.0, 0.5, 0.0], 'joint_position': [0.0, 1.0, 0.0], 'joint_axis': ' 0.8994  0.8514 -0.2335', 'connections': [4]}"
4,"{'dimensions': [1, 1, 1], 'recursive_limit': 4, 'mass': 1, 'position': [0.0, 0.5, 0.0], 'joint_position': [0.0, 1.0, 0.0], 'joint_axis': '-0.7431  0.9458 -0.3564', 'connections': [5]}"
5,"{'dimensions': [1, 1, 1], 'recursive_limit': 3, 'mass': 1, 'position': [0.0, 0.5, 0.0], 'joint_position': [0.0, 1.0, 0.0], 'joint_axis': '-0.0852  0.3357 -0.7414', 'connections': [6]}"
6,"{'dimensions': [1, 1, 1], 'recursive_limit': 2, 'mass': 1, 'position': [0.0, 0.5, 0.0], 'joint_position': [0.0, 1.0, 0.0], 'joint_axis': '-0.5398 -0.7709 -0.3957', 'connections': [7]}"
7,"{'dimensions': [1, 1, 1], 'recursive_limit': 1, 'mass': 1, 'position': [0.0, 0.5, 0.0], 'joint_position': [0.0, 1.0, 0.0], 'joint_axis': '-0.6454 -0.6615  0.9076', 'connections': []}"



0,"{'dimensions': [1, 1, 1], 'recursive_limit': 8, 'mass': 1, 'position': [0, 0, 0.5], 'joint_position': [0, 0.5, 0.5], 'joint_axis': ' 0.1416  0.1754 -0.1841', 'connections': [1]}"
1,"{'dimensions': [1, 1, 1], 'recursive_limit': 7, 'mass': 1, 'position': [0.0, 0.5, 0.0], 'joint_position': [0.0, 1.0, 0.0], 'joint_axis': '-0.3886  0.9921 -0.915 ', 'connections': [2]}"
2,"{'dimensions': [1, 1, 1], 'recursive_limit': 6, 'mass': 1, 'position': [0.0, 0.5, 0.0], 'joint_position': [0.0, 1.0, 0.0], 'joint_axis': ' 0.2753 -0.6004 -0.1346', 'connections': [3]}"
3,"{'dimensions': [1, 1, 1], 'recursive_limit': 5, 'mass': 1, 'position': [0.0, 0.5, 0.0], 'joint_position': [0.0, 1.0, 0.0], 'joint_axis': ' 0.0095  0.0028 -0.6336', 'connections': [4]}"
4,"{'dimensions': [1, 1, 1], 'recursive_limit': 4, 'mass': 1, 'position': [0.0, 0.5, 0.0], 'joint_position': [0.0, 1.0, 0.0], 'joint_axis': '-0.443  -0.6872  0.7365', 'connections': [5]}"
5,"{'dimensions': [1, 1, 1], 'recursive_limit': 3, 'mass': 1, 'position': [0.0, 0.5, 0.0], 'joint_position': [0.0, 1.0, 0.0], 'joint_axis': ' 0.2689 -0.2493  0.6316', 'connections': [6]}"
6,"{'dimensions': [1, 1, 1], 'recursive_limit': 2, 'mass': 1, 'position': [0.0, 0.5, 0.0], 'joint_position': [0.0, 1.0, 0.0], 'joint_axis': '-0.4159  0.7425  0.5708', 'connections': [7]}"
7,"{'dimensions': [1, 1, 1], 'recursive_limit': 1, 'mass': 1, 'position': [0.0, 0.5, 0.0], 'joint_position': [0.0, 1.0, 0.0], 'joint_axis': '-0.7428 -0.3671 -0.8321', 'connections': []}"

0,"{'dimensions': [1, 1, 1], 'recursive_limit': 8, 'mass': 1, 'position': [0, 0, 0.5], 'joint_position': [0, 0.5, 0.5], 'joint_axis': ' 0.6683 -0.1342  0.5376', 'connections': [1]}"
1,"{'dimensions': [1, 1, 1], 'recursive_limit': 7, 'mass': 1, 'position': [0.0, 0.5, 0.0], 'joint_position': [0.0, 1.0, 0.0], 'joint_axis': '-0.6768  0.7879  0.8007', 'connections': [2]}"
2,"{'dimensions': [1, 1, 1], 'recursive_limit': 6, 'mass': 1, 'position': [0.0, 0.5, 0.0], 'joint_position': [0.0, 1.0, 0.0], 'joint_axis': '-0.5375 -0.9029  0.919 ', 'connections': [3]}"
3,"{'dimensions': [1, 1, 1], 'recursive_limit': 5, 'mass': 1, 'position': [0.0, 0.5, 0.0], 'joint_position': [0.0, 1.0, 0.0], 'joint_axis': ' 0.9176 -0.1885 -0.9586', 'connections': [4]}"
4,"{'dimensions': [1, 1, 1], 'recursive_limit': 4, 'mass': 1, 'position': [0.0, 0.5, 0.0], 'joint_position': [0.0, 1.0, 0.0], 'joint_axis': '-0.1693 -0.7166  0.9788', 'connections': [5]}"
5,"{'dimensions': [1, 1, 1], 'recursive_limit': 3, 'mass': 1, 'position': [0.0, 0.5, 0.0], 'joint_position': [0.0, 1.0, 0.0], 'joint_axis': '-0.0686 -0.2174 -0.5099', 'connections': [6]}"
6,"{'dimensions': [1, 1, 1], 'recursive_limit': 2, 'mass': 1, 'position': [0.0, 0.5, 0.0], 'joint_position': [0.0, 1.0, 0.0], 'joint_axis': '-0.4476  0.3657  0.5177', 'connections': [7]}"
7,"{'dimensions': [1, 1, 1], 'recursive_limit': 1, 'mass': 1, 'position': [0.0, 0.5, 0.0], 'joint_position': [0.0, 1.0, 0.0], 'joint_axis': '-0.1195  0.6055  0.8773', 'connections': []}"

0,"{'dimensions': [1, 1, 1], 'recursive_limit': 8, 'mass': 1, 'position': [0, 0, 0.5], 'joint_position': [0, 0.5, 0.5], 'joint_axis': '-0.0966  0.9541  0.4378', 'connections': [1]}"
1,"{'dimensions': [1, 1, 1], 'recursive_limit': 7, 'mass': 1, 'position': [0.0, 0.5, 0.0], 'joint_position': [0.0, 1.0, 0.0], 'joint_axis': '-0.953  -0.093   0.4054', 'connections': [2]}"
2,"{'dimensions': [1, 1, 1], 'recursive_limit': 6, 'mass': 1, 'position': [0.0, 0.5, 0.0], 'joint_position': [0.0, 1.0, 0.0], 'joint_axis': ' 0.8654  0.4986 -0.7892', 'connections': [3]}"
3,"{'dimensions': [1, 1, 1], 'recursive_limit': 5, 'mass': 1, 'position': [0.0, 0.5, 0.0], 'joint_position': [0.0, 1.0, 0.0], 'joint_axis': ' 0.7967  0.6348 -0.4041', 'connections': [4]}"
4,"{'dimensions': [1, 1, 1], 'recursive_limit': 4, 'mass': 1, 'position': [0.0, 0.5, 0.0], 'joint_position': [0.0, 1.0, 0.0], 'joint_axis': '-0.0124 -0.6284 -0.6074', 'connections': [5]}"
5,"{'dimensions': [1, 1, 1], 'recursive_limit': 3, 'mass': 1, 'position': [0.0, 0.5, 0.0], 'joint_position': [0.0, 1.0, 0.0], 'joint_axis': ' 0.6013 -0.4253 -0.4308', 'connections': [6]}"
6,"{'dimensions': [1, 1, 1], 'recursive_limit': 2, 'mass': 1, 'position': [0.0, 0.5, 0.0], 'joint_position': [0.0, 1.0, 0.0], 'joint_axis': ' 0.0304  0.1422 -0.498 ', 'connections': [7]}"
7,"{'dimensions': [1, 1, 1], 'recursive_limit': 1, 'mass': 1, 'position': [0.0, 0.5, 0.0], 'joint_position': [0.0, 1.0, 0.0], 'joint_axis': '-0.7732  0.4623  0.0354', 'connections': []}"

0,"{'dimensions': [1, 1, 1], 'recursive_limit': 8, 'mass': 1, 'position': [0, 0, 0.5], 'joint_position': [0, 0.5, 0.5], 'joint_axis': '-0.0374  0.9363  0.3605', 'connections': [1]}"
1,"{'dimensions': [1, 1, 1], 'recursive_limit': 7, 'mass': 1, 'position': [0.0, 0.5, 0.0], 'joint_position': [0.0, 1.0, 0.0], 'joint_axis': '0.3383 0.4557 0.5149', 'connections': [2]}"
2,"{'dimensions': [1, 1, 1], 'recursive_limit': 6, 'mass': 1, 'position': [0.0, 0.5, 0.0], 'joint_position': [0.0, 1.0, 0.0], 'joint_axis': ' 0.4756  0.6304 -0.1661', 'connections': [3]}"
3,"{'dimensions': [1, 1, 1], 'recursive_limit': 5, 'mass': 1, 'position': [0.0, 0.5, 0.0], 'joint_position': [0.0, 1.0, 0.0], 'joint_axis': '-0.6425  0.498   0.6262', 'connections': [4]}"
4,"{'dimensions': [1, 1, 1], 'recursive_limit': 4, 'mass': 1, 'position': [0.0, 0.5, 0.0], 'joint_position': [0.0, 1.0, 0.0], 'joint_axis': ' 0.1219 -0.9856 -0.4501', 'connections': [5]}"
5,"{'dimensions': [1, 1, 1], 'recursive_limit': 3, 'mass': 1, 'position': [0.0, 0.5, 0.0], 'joint_position': [0.0, 1.0, 0.0], 'joint_axis': '0.5696 0.5465 0.034 ', 'connections': [6]}"
6,"{'dimensions': [1, 1, 1], 'recursive_limit': 2, 'mass': 1, 'position': [0.0, 0.5, 0.0], 'joint_position': [0.0, 1.0, 0.0], 'joint_axis': '-0.1899  0.6244 -0.6043', 'connections': [7]}"
7,"{'dimensions': [1, 1, 1], 'recursive_limit': 1, 'mass': 1, 'position': [0.0, 0.5, 0.0], 'joint_position': [0.0, 1.0, 0.0], 'joint_axis': '-0.5814 -0.6374 -0.9003', 'connections': []}"

0,"{'dimensions': [1, 1, 1], 'recursive_limit': 8, 'mass': 1, 'position': [0, 0, 0.5], 'joint_position': [0, 0.5, 0.5], 'joint_axis': ' 0.4665  0.8101 -0.1423', 'connections': [1]}"
1,"{'dimensions': [1, 1, 1], 'recursive_limit': 7, 'mass': 1, 'position': [0.0, 0.5, 0.0], 'joint_position': [0.0, 1.0, 0.0], 'joint_axis': '-0.7222 -0.3116  0.0795', 'connections': [2]}"
2,"{'dimensions': [1, 1, 1], 'recursive_limit': 6, 'mass': 1, 'position': [0.0, 0.5, 0.0], 'joint_position': [0.0, 1.0, 0.0], 'joint_axis': '0.376  0.9215 0.8244', 'connections': [3]}"
3,"{'dimensions': [1, 1, 1], 'recursive_limit': 5, 'mass': 1, 'position': [0.0, 0.5, 0.0], 'joint_position': [0.0, 1.0, 0.0], 'joint_axis': ' 0.8994  0.8514 -0.2335', 'connections': [4]}"
4,"{'dimensions': [1, 1, 1], 'recursive_limit': 4, 'mass': 1, 'position': [0.0, 0.5, 0.0], 'joint_position': [0.0, 1.0, 0.0], 'joint_axis': '-0.7431  0.9458 -0.3564', 'connections': [5]}"
5,"{'dimensions': [1, 1, 1], 'recursive_limit': 3, 'mass': 1, 'position': [0.0, 0.5, 0.0], 'joint_position': [0.0, 1.0, 0.0], 'joint_axis': '-0.0852  0.3357 -0.7414', 'connections': [6]}"
6,"{'dimensions': [1, 1, 1], 'recursive_limit': 2, 'mass': 1, 'position': [0.0, 0.5, 0.0], 'joint_position': [0.0, 1.0, 0.0], 'joint_axis': '-0.5398 -0.7709 -0.3957', 'connections': [7]}"
7,"{'dimensions': [1, 1, 1], 'recursive_limit': 1, 'mass': 1, 'position': [0.0, 0.5, 0.0], 'joint_position': [0.0, 1.0, 0.0], 'joint_axis': '-0.6454 -0.6615  0.9076', 'connections': []}"



0,"{'dimensions': [1, 1, 1], 'recursive_limit': 8, 'mass': 1, 'position': [0, 0, 0.5], 'joint_position': [0, 0.5, 0.5], 'joint_axis': ' 0.1416  0.1754 -0.1841', 'connections': [1]}"
1,"{'dimensions': [1, 1, 1], 'recursive_limit': 7, 'mass': 1, 'position': [0.0, 0.5, 0.0], 'joint_position': [0.0, 1.0, 0.0], 'joint_axis': '-0.3886  0.9921 -0.915 ', 'connections': [2]}"
2,"{'dimensions': [1, 1, 1], 'recursive_limit': 6, 'mass': 1, 'position': [0.0, 0.5, 0.0], 'joint_position': [0.0, 1.0, 0.0], 'joint_axis': ' 0.2753 -0.6004 -0.1346', 'connections': [3]}"
3,"{'dimensions': [1, 1, 1], 'recursive_limit': 5, 'mass': 1, 'position': [0.0, 0.5, 0.0], 'joint_position': [0.0, 1.0, 0.0], 'joint_axis': ' 0.0095  0.0028 -0.6336', 'connections': [4]}"
4,"{'dimensions': [1, 1, 1], 'recursive_limit': 4, 'mass': 1, 'position': [0.0, 0.5, 0.0], 'joint_position': [0.0, 1.0, 0.0], 'joint_axis': '-0.443  -0.6872  0.7365', 'connections': [5]}"
5,"{'dimensions': [1, 1, 1], 'recursive_limit': 3, 'mass': 1, 'position': [0.0, 0.5, 0.0], 'joint_position': [0.0, 1.0, 0.0], 'joint_axis': ' 0.2689 -0.2493  0.6316', 'connections': [6]}"
6,"{'dimensions': [1, 1, 1], 'recursive_limit': 2, 'mass': 1, 'position': [0.0, 0.5, 0.0], 'joint_position': [0.0, 1.0, 0.0], 'joint_axis': '-0.4159  0.7425  0.5708', 'connections': [7]}"
7,"{'dimensions': [1, 1, 1], 'recursive_limit': 1, 'mass': 0.9999, 'position': [0.0, 0.5, 0.0], 'joint_position': [0.0, 1.0, 0.0], 'joint_axis': '-0.7428 -0.3671 -0.8321', 'connections': []}"

0,"{'dimensions': [1, 1, 1], 'recursive_limit': 8, 'mass': 1, 'position': [0, 0, 0.5], 'joint_position': [0, 0.5, 0.5], 'joint_axis': ' 0.6683 -0.1342  0.5376', 'connections': [1]}"
1,"{'dimensions': [1, 1, 1], 'recursive_limit': 7, 'mass': 1, 'position': [0.0, 0.5, 0.0], 'joint_position': [0.0, 1.0, 0.0], 'joint_axis': '-0.6768  0.7879  0.8007', 'connections': [2]}"
2,"{'dimensions': [1, 1, 1], 'recursive_limit': 6, 'mass': 1, 'position': [0.0, 0.5, 0.0], 'joint_position': [0.0, 1.0, 0.0], 'joint_axis': '-0.5375 -0.9029  0.919 ', 'connections': [3]}"
3,"{'dimensions': [1, 1, 1], 'recursive_limit': 5, 'mass': 1, 'position': [0.0, 0.5, 0.0], 'joint_position': [0.0, 1.0, 0.0], 'joint_axis': ' 0.9176 -0.1885 -0.9586', 'connections': [4]}"
4,"{'dimensions': [1, 1, 1], 'recursive_limit': 4, 'mass': 1, 'position': [0.0, 0.5, 0.0], 'joint_position': [0.0, 1.0, 0.0], 'joint_axis': '-0.1693 -0.7166  0.9788', 'connections': [5]}"
5,"{'dimensions': [1, 1, 1], 'recursive_limit': 3, 'mass': 1, 'position': [0.0, 0.5, 0.0], 'joint_position': [0.0, 1.0, 0.0], 'joint_axis': '-0.0686 -0.2174 -0.5099', 'connections': [6]}"
6,"{'dimensions': [1, 1, 1], 'recursive_limit': 2, 'mass': 1, 'position': [0.0, 0.5, 0.0], 'joint_position': [0.0, 1.0, 0.0], 'joint_axis': '-0.4476  0.3657  0.5177', 'connections': [7]}"
7,"{'dimensions': [1, 1, 1], 'recursive_limit': 1, 'mass': 0.9999, 'position': [0.0, 0.5, 0.0], 'joint_position': [0.0, 1.0, 0.0], 'joint_axis': '-0.1195  0.6055  0.8773', 'connections': []}"

0,"{'dimensions': [1, 1, 1], 'recursive_limit': 8, 'mass': 1, 'position': [0, 0, 0.5], 'joint_position': [0, 0.5, 0.5], 'joint_axis': '-0.0966  0.9541  0.4378', 'connections': [1]}"
1,"{'dimensions': [1, 1, 1], 'recursive_limit': 7, 'mass': 1, 'position': [0.0, 0.5, 0.0], 'joint_position': [0.0, 1.0, 0.0], 'joint_axis': '-0.953  -0.093   0.4054', 'connections': [2]}"
2,"{'dimensions': [1, 1, 1], 'recursive_limit': 6, 'mass': 1, 'position': [0.0, 0.5, 0.0], 'joint_position': [0.0, 1.0, 0.0], 'joint_axis': ' 0.8654  0.4986 -0.7892', 'connections': [3]}"
3,"{'dimensions': [1, 1, 1], 'recursive_limit': 5, 'mass': 1, 'position': [0.0, 0.5, 0.0], 'joint_position': [0.0, 1.0, 0.0], 'joint_axis': ' 0.7967  0.6348 -0.4041', 'connections': [4]}"
4,"{'dimensions': [1, 1, 1], 'recursive_limit': 4, 'mass': 1, 'position': [0.0, 0.5, 0.0], 'joint_position': [0.0, 1.0, 0.0], 'joint_axis': '-0.0124 -0.6284 -0.6074', 'connections': [5]}"
5,"{'dimensions': [1, 1, 1], 'recursive_limit': 3, 'mass': 1, 'position': [0.0, 0.5, 0.0], 'joint_position': [0.0, 1.0, 0.0], 'joint_axis': ' 0.6013 -0.4253 -0.4308', 'connections': [6]}"
6,"{'dimensions': [1, 1, 1], 'recursive_limit': 2, 'mass': 1, 'position': [0.0, 0.5, 0.0], 'joint_position': [0.0, 1.0, 0.0], 'joint_axis': ' 0.0304  0.1422 -0.498 ', 'connections': [7]}"
7,"{'dimensions': [1, 1, 1], 'recursive_limit': 1, 'mass': 1, 'position': [0.0, 0.5, 0.0], 'joint_position': [0.0, 1.0, 0.0], 'joint_axis': '-0.7732  0.4623  0.0354', 'connections': []}"

0,"{'dimensions': [1, 1, 1], 'recursive_limit': 8, 'mass': 1, 'position': [0, 0, 0.5], 'joint_position': [0, 0.5, 0.5], 'joint_axis': '-0.0374  0.9363  0.3605', 'connections': [1]}"
1,"{'dimensions': [1, 1, 1], 'recursive_limit': 7, 'mass': 1, 'position': [0.0, 0.5, 0.0], 'joint_position': [0.0, 1.0, 0.0], 'joint_axis': '0.3383 0.4557 0.5149', 'connections': [2]}"
2,"{'dimensions': [1, 1, 1], 'recursive_limit': 6, 'mass': 1, 'position': [0.0, 0.5, 0.0], 'joint_position': [0.0, 1.0, 0.0], 'joint_axis': ' 0.4756  0.6304 -0.1661', 'connections': [3]}"
3,"{'dimensions': [1, 1, 1], 'recursive_limit': 5, 'mass': 1, 'position': [0.0, 0.5, 0.0], 'joint_position': [0.0, 1.0, 0.0], 'joint_axis': '-0.6425  0.498   0.6262', 'connections': [4]}"
4,"{'dimensions': [1, 1, 1], 'recursive_limit': 4, 'mass': 1, 'position': [0.0, 0.5, 0.0], 'joint_position': [0.0, 1.0, 0.0], 'joint_axis': ' 0.1219 -0.9856 -0.4501', 'connections': [5]}"
5,"{'dimensions': [1, 1, 1], 'recursive_limit': 3, 'mass': 1, 'position': [0.0, 0.5, 0.0], 'joint_position': [0.0, 1.0, 0.0], 'joint_axis': '0.5696 0.5465 0.034 ', 'connections': [6]}"
6,"{'dimensions': [1, 1, 1], 'recursive_limit': 2, 'mass': 1, 'position': [0.0, 0.5, 0.0], 'joint_position': [0.0, 1.0, 0.0], 'joint_axis': '-0.1899  0.6244 -0.6043', 'connections': [7]}"
7,"{'dimensions': [1, 1, 1], 'recursive_limit': 1, 'mass': 1, 'position': [0.0, 0.5, 0.0], 'joint_position': [0.0, 1.0, 0.0], 'joint_axis': '-0.5814 -0.6374 -0.9003', 'connections': []}"

0,"{'dimensions': [1, 1, 1], 'recursive_limit': 8, 'mass': 1, 'position': [0, 0, 0.5], 'joint_position': [0, 0.5, 0.5], 'joint_axis': ' 0.4665  0.8101 -0.1423', 'connections': [1]}"
1,"{'dimensions': [1, 1, 1], 'recursive_limit': 7, 'mass': 1, 'position': [0.0, 0.5, 0.0], 'joint_position': [0.0, 1.0, 0.0], 'joint_axis': '-0.7222 -0.3116  0.0795', 'connections': [2]}"
2,"{'dimensions': [1, 1, 1], 'recursive_limit': 6, 'mass': 1, 'position': [0.0, 0.5, 0.0], 'joint_position': [0.0, 1.0, 0.0], 'joint_axis': '0.376  0.9215 0.8244', 'connections': [3]}"
3,"{'dimensions': [1, 1, 1], 'recursive_limit': 5, 'mass': 1, 'position': [0.0, 0.5, 0.0], 'joint_position': [0.0, 1.0, 0.0], 'joint_axis': ' 0.8994  0.8514 -0.2335', 'connections': [4]}"
4,"{'dimensions': [1, 1, 1], 'recursive_limit': 4, 'mass': 1, 'position': [0.0, 0.5, 0.0], 'joint_position': [0.0, 1.0, 0.0], 'joint_axis': '-0.7431  0.9458 -0.3564', 'connections': [5]}"
5,"{'dimensions': [1, 1, 1], 'recursive_limit': 3, 'mass': 1, 'position': [0.0, 0.5, 0.0], 'joint_position': [0.0, 1.0, 0.0], 'joint_axis': '-0.0852  0.3357 -0.7414', 'connections': [6]}"
6,"{'dimensions': [1, 1, 1], 'recursive_limit': 2, 'mass': 1, 'position': [0.0, 0.5, 0.0], 'joint_position': [0.0, 1.0, 0.0], 'joint_axis': '-0.5398 -0.7709 -0.3957', 'connections': [7]}"
7,"{'dimensions': [1, 1, 1], 'recursive_limit': 1, 'mass': 0.9999, 'position': [0.0, 0.5, 0.0], 'joint_position': [0.0, 1.0, 0.0], 'joint_axis': '-0.6454 -0.6615  0.9076', 'connections': []}"



0,"{'dimensions': [1, 1, 1], 'recursive_limit': 8, 'mass': 1, 'position': [0, 0, 0.5], 'joint_position': [0, 0.5, 0.5], 'joint_axis': ' 0.1416  0.1754 -0.1841', 'connections': [1]}"
1,"{'dimensions': [1, 1, 1], 'recursive_limit': 7, 'mass': 1, 'position': [0.0, 0.5, 0.0], 'joint_position': [0.0, 1.0, 0.0], 'joint_axis': '-0.3886  0.9921 -0.915 ', 'connections': [2]}"
2,"{'dimensions': [1, 1, 1], 'recursive_limit': 6, 'mass': 1, 'position': [0.0, 0.5, 0.0], 'joint_position': [0.0, 1.0, 0.0], 'joint_axis': ' 0.2753 -0.6004 -0.1346', 'connections': [3]}"
3,"{'dimensions': [1, 1, 1], 'recursive_limit': 5, 'mass': 1, 'position': [0.0, 0.5, 0.0], 'joint_position': [0.0, 1.0, 0.0], 'joint_axis': ' 0.0095  0.0028 -0.6336', 'connections': [4]}"
4,"{'dimensions': [1, 1, 1], 'recursive_limit': 4, 'mass': 1, 'position': [0.0, 0.5, 0.0], 'joint_position': [0.0, 1.0, 0.0], 'joint_axis': '-0.443  -0.6872  0.7365', 'connections': [5]}"
5,"{'dimensions': [1, 1, 1], 'recursive_limit': 3, 'mass': 1, 'position': [0.0, 0.5, 0.0], 'joint_position': [0.0, 1.0, 0.0], 'joint_axis': ' 0.2689 -0.2493  0.6316', 'connections': [6]}"
6,"{'dimensions': [1, 1, 1], 'recursive_limit': 2, 'mass': 1, 'position': [0.0, 0.5, 0.0], 'joint_position': [0.0, 1.0, 0.0], 'joint_axis': '-0.4159  0.7425  0.5708', 'connections': [7]}"
7,"{'dimensions': [1, 1, 1], 'recursive_limit': 1, 'mass': 0.9999, 'position': [0.0, 0.5, 0.0], 'joint_position': [0.0, 1.0, 0.0], 'joint_axis': '-0.7428 -0.3671 -0.8321', 'connections': []}"

0,"{'dimensions': [1, 1, 1], 'recursive_limit': 8, 'mass': 1, 'position': [0, 0, 0.5], 'joint_position': [0, 0.5, 0.5], 'joint_axis': ' 0.6683 -0.1342  0.5376', 'connections': [1]}"
1,"{'dimensions': [1, 1, 1], 'recursive_limit': 7, 'mass': 1, 'position': [0.0, 0.5, 0.0], 'joint_position': [0.0, 1.0, 0.0], 'joint_axis': '-0.6768  0.7879  0.8007', 'connections': [2]}"
2,"{'dimensions': [1, 1, 1], 'recursive_limit': 6, 'mass': 1, 'position': [0.0, 0.5, 0.0], 'joint_position': [0.0, 1.0, 0.0], 'joint_axis': '-0.5375 -0.9029  0.919 ', 'connections': [3]}"
3,"{'dimensions': [1, 1, 1], 'recursive_limit': 5, 'mass': 1, 'position': [0.0, 0.5, 0.0], 'joint_position': [0.0, 1.0, 0.0], 'joint_axis': ' 0.9176 -0.1885 -0.9586', 'connections': [4]}"
4,"{'dimensions': [1, 1, 1], 'recursive_limit': 4, 'mass': 1, 'position': [0.0, 0.5, 0.0], 'joint_position': [0.0, 1.0, 0.0], 'joint_axis': '-0.1693 -0.7166  0.9788', 'connections': [5]}"
5,"{'dimensions': [1, 1, 1], 'recursive_limit': 3, 'mass': 1, 'position': [0.0, 0.5, 0.0], 'joint_position': [0.0, 1.0, 0.0], 'joint_axis': '-0.0686 -0.2174 -0.5099', 'connections': [6]}"
6,"{'dimensions': [1, 1, 1], 'recursive_limit': 2, 'mass': 1, 'position': [0.0, 0.5, 0.0], 'joint_position': [0.0, 1.0, 0.0], 'joint_axis': '-0.4476  0.3657  0.5177', 'connections': [7]}"
7,"{'dimensions': [1, 1, 1], 'recursive_limit': 1, 'mass': 0.9998, 'position': [0.0, 0.5, 0.0], 'joint_position': [0.0, 1.0, 0.0], 'joint_axis': '-0.1195  0.6055  0.8773', 'connections': []}"

0,"{'dimensions': [1, 1, 1], 'recursive_limit': 8, 'mass': 1, 'position': [0, 0, 0.5], 'joint_position': [0, 0.5, 0.5], 'joint_axis': '-0.0966  0.9541  0.4378', 'connections': [1]}"
1,"{'dimensions': [1, 1, 1], 'recursive_limit': 7, 'mass': 1, 'position': [0.0, 0.5, 0.0], 'joint_position': [0.0, 1.0, 0.0], 'joint_axis': '-0.953  -0.093   0.4054', 'connections': [2]}"
2,"{'dimensions': [1, 1, 1], 'recursive_limit': 6, 'mass': 1, 'position': [0.0, 0.5, 0.0], 'joint_position': [0.0, 1.0, 0.0], 'joint_axis': ' 0.8654  0.4986 -0.7892', 'connections': [3]}"
3,"{'dimensions': [1, 1, 1], 'recursive_limit': 5, 'mass': 1, 'position': [0.0, 0.5, 0.0], 'joint_position': [0.0, 1.0, 0.0], 'joint_axis': ' 0.7967  0.6348 -0.4041', 'connections': [4]}"
4,"{'dimensions': [1, 1, 1], 'recursive_limit': 4, 'mass': 1, 'position': [0.0, 0.5, 0.0], 'joint_position': [0.0, 1.0, 0.0], 'joint_axis': '-0.0124 -0.6284 -0.6074', 'connections': [5]}"
5,"{'dimensions': [1, 1, 1], 'recursive_limit': 3, 'mass': 1, 'position': [0.0, 0.5, 0.0], 'joint_position': [0.0, 1.0, 0.0], 'joint_axis': ' 0.6013 -0.4253 -0.4308', 'connections': [6]}"
6,"{'dimensions': [1, 1, 1], 'recursive_limit': 2, 'mass': 1, 'position': [0.0, 0.5, 0.0], 'joint_position': [0.0, 1.0, 0.0], 'joint_axis': ' 0.0304  0.1422 -0.498 ', 'connections': [7]}"
7,"{'dimensions': [1, 1, 1], 'recursive_limit': 1, 'mass': 1, 'position': [0.0, 0.5, 0.0], 'joint_position': [0.0, 1.0, 0.0], 'joint_axis': '-0.7732  0.4623  0.0354', 'connections': []}"

0,"{'dimensions': [1, 1, 1], 'recursive_limit': 8, 'mass': 1, 'position': [0, 0, 0.5], 'joint_position': [0, 0.5, 0.5], 'joint_axis': '-0.0374  0.9363  0.3605', 'connections': [1]}"
1,"{'dimensions': [1, 1, 1], 'recursive_limit': 7, 'mass': 1, 'position': [0.0, 0.5, 0.0], 'joint_position': [0.0, 1.0, 0.0], 'joint_axis': '0.3383 0.4557 0.5149', 'connections': [2]}"
2,"{'dimensions': [1, 1, 1], 'recursive_limit': 6, 'mass': 1, 'position': [0.0, 0.5, 0.0], 'joint_position': [0.0, 1.0, 0.0], 'joint_axis': ' 0.4756  0.6304 -0.1661', 'connections': [3]}"
3,"{'dimensions': [1, 1, 1], 'recursive_limit': 5, 'mass': 1, 'position': [0.0, 0.5, 0.0], 'joint_position': [0.0, 1.0, 0.0], 'joint_axis': '-0.6425  0.498   0.6262', 'connections': [4]}"
4,"{'dimensions': [1, 1, 1], 'recursive_limit': 4, 'mass': 1, 'position': [0.0, 0.5, 0.0], 'joint_position': [0.0, 1.0, 0.0], 'joint_axis': ' 0.1219 -0.9856 -0.4501', 'connections': [5]}"
5,"{'dimensions': [1, 1, 1], 'recursive_limit': 3, 'mass': 1, 'position': [0.0, 0.5, 0.0], 'joint_position': [0.0, 1.0, 0.0], 'joint_axis': '0.5696 0.5465 0.034 ', 'connections': [6]}"
6,"{'dimensions': [1, 1, 1], 'recursive_limit': 2, 'mass': 1, 'position': [0.0, 0.5, 0.0], 'joint_position': [0.0, 1.0, 0.0], 'joint_axis': '-0.1899  0.6244 -0.6043', 'connections': [7]}"
7,"{'dimensions': [1, 1, 1], 'recursive_limit': 1, 'mass': 0.9999, 'position': [0.0, 0.5, 0.0], 'joint_position': [0.0, 1.0, 0.0], 'joint_axis': '-0.5814 -0.6374 -0.9003', 'connections': []}"

0,"{'dimensions': [1, 1, 1], 'recursive_limit': 8, 'mass': 1, 'position': [0, 0, 0.5], 'joint_position': [0, 0.5, 0.5], 'joint_axis': ' 0.4665  0.8101 -0.1423', 'connections': [1]}"
1,"{'dimensions': [1, 1, 1], 'recursive_limit': 7, 'mass': 1, 'position': [0.0, 0.5, 0.0], 'joint_position': [0.0, 1.0, 0.0], 'joint_axis': '-0.7222 -0.3116  0.0795', 'connections': [2]}"
2,"{'dimensions': [1, 1, 1], 'recursive_limit': 6, 'mass': 1, 'position': [0.0, 0.5, 0.0], 'joint_position': [0.0, 1.0, 0.0], 'joint_axis': '0.376  0.9215 0.8244', 'connections': [3]}"
3,"{'dimensions': [1, 1, 1], 'recursive_limit': 5, 'mass': 1, 'position': [0.0, 0.5, 0.0], 'joint_position': [0.0, 1.0, 0.0], 'joint_axis': ' 0.8994  0.8514 -0.2335', 'connections': [4]}"
4,"{'dimensions': [1, 1, 1], 'recursive_limit': 4, 'mass': 1, 'position': [0.0, 0.5, 0.0], 'joint_position': [0.0, 1.0, 0.0], 'joint_axis': '-0.7431  0.9458 -0.3564', 'connections': [5]}"
5,"{'dimensions': [1, 1, 1], 'recursive_limit': 3, 'mass': 1, 'position': [0.0, 0.5, 0.0], 'joint_position': [0.0, 1.0, 0.0], 'joint_axis': '-0.0852  0.3357 -0.7414', 'connections': [6]}"
6,"{'dimensions': [1, 1, 1], 'recursive_limit': 2, 'mass': 1, 'position': [0.0, 0.5, 0.0], 'joint_position': [0.0, 1.0, 0.0], 'joint_axis': '-0.5398 -0.7709 -0.3957', 'connections': [7]}"
7,"{'dimensions': [1, 1, 1], 'recursive_limit': 1, 'mass': 0.9998, 'position': [0.0, 0.5, 0.0], 'joint_position': [0.0, 1.0, 0.0], 'joint_axis': '-0.6454 -0.6615  0.9076', 'connections': []}"



0,"{'dimensions': [1, 1, 1], 'recursive_limit': 8, 'mass': 1, 'position': [0, 0, 0.5], 'joint_position': [0, 0.5, 0.5], 'joint_axis': ' 0.1416  0.1754 -0.1841', 'connections': [1]}"
1,"{'dimensions': [1, 1, 1], 'recursive_limit': 7, 'mass': 1, 'position': [0.0, 0.5, 0.0], 'joint_position': [0.0, 1.0, 0.0], 'joint_axis': '-0.3886  0.9921 -0.915 ', 'connections': [2]}"
2,"{'dimensions': [1, 1, 1], 'recursive_limit': 6, 'mass': 1, 'position': [0.0, 0.5, 0.0], 'joint_position': [0.0, 1.0, 0.0], 'joint_axis': ' 0.2753 -0.6004 -0.1346', 'connections': [3]}"
3,"{'dimensions': [1, 1, 1], 'recursive_limit': 5, 'mass': 1, 'position': [0.0, 0.5, 0.0], 'joint_position': [0.0, 1.0, 0.0], 'joint_axis': ' 0.0095  0.0028 -0.6336', 'connections': [4]}"
4,"{'dimensions': [1, 1, 1], 'recursive_limit': 4, 'mass': 1, 'position': [0.0, 0.5, 0.0], 'joint_position': [0.0, 1.0, 0.0], 'joint_axis': '-0.443  -0.6872  0.7365', 'connections': [5]}"
5,"{'dimensions': [1, 1, 1], 'recursive_limit': 3, 'mass': 1, 'position': [0.0, 0.5, 0.0], 'joint_position': [0.0, 1.0, 0.0], 'joint_axis': ' 0.2689 -0.2493  0.6316', 'connections': [6]}"
6,"{'dimensions': [1, 1, 1], 'recursive_limit': 2, 'mass': 1, 'position': [0.0, 0.5, 0.0], 'joint_position': [0.0, 1.0, 0.0], 'joint_axis': '-0.4159  0.7425  0.5708', 'connections': [7]}"
7,"{'dimensions': [1, 1, 1], 'recursive_limit': 1, 'mass': 0.9999, 'position': [0.0, 0.5, 0.0], 'joint_position': [0.0, 1.0, 0.0], 'joint_axis': '-0.7428 -0.3671 -0.8321', 'connections': []}"

0,"{'dimensions': [1, 1, 1], 'recursive_limit': 8, 'mass': 1, 'position': [0, 0, 0.5], 'joint_position': [0, 0.5, 0.5], 'joint_axis': ' 0.6683 -0.1342  0.5376', 'connections': [1]}"
1,"{'dimensions': [1, 1, 1], 'recursive_limit': 7, 'mass': 1, 'position': [0.0, 0.5, 0.0], 'joint_position': [0.0, 1.0, 0.0], 'joint_axis': '-0.6768  0.7879  0.8007', 'connections': [2]}"
2,"{'dimensions': [1, 1, 1], 'recursive_limit': 6, 'mass': 1, 'position': [0.0, 0.5, 0.0], 'joint_position': [0.0, 1.0, 0.0], 'joint_axis': '-0.5375 -0.9029  0.919 ', 'connections': [3]}"
3,"{'dimensions': [1, 1, 1], 'recursive_limit': 5, 'mass': 1, 'position': [0.0, 0.5, 0.0], 'joint_position': [0.0, 1.0, 0.0], 'joint_axis': ' 0.9176 -0.1885 -0.9586', 'connections': [4]}"
4,"{'dimensions': [1, 1, 1], 'recursive_limit': 4, 'mass': 1, 'position': [0.0, 0.5, 0.0], 'joint_position': [0.0, 1.0, 0.0], 'joint_axis': '-0.1693 -0.7166  0.9788', 'connections': [5]}"
5,"{'dimensions': [1, 1, 1], 'recursive_limit': 3, 'mass': 1, 'position': [0.0, 0.5, 0.0], 'joint_position': [0.0, 1.0, 0.0], 'joint_axis': '-0.0686 -0.2174 -0.5099', 'connections': [6]}"
6,"{'dimensions': [1, 1, 1], 'recursive_limit': 2, 'mass': 1, 'position': [0.0, 0.5, 0.0], 'joint_position': [0.0, 1.0, 0.0], 'joint_axis': '-0.4476  0.3657  0.5177', 'connections': [7]}"
7,"{'dimensions': [1, 1, 1], 'recursive_limit': 1, 'mass': 0.9998, 'position': [0.0, 0.5, 0.0], 'joint_position': [0.0, 1.0, 0.0], 'joint_axis': '-0.1195  0.6055  0.8773', 'connections': []}"

0,"{'dimensions': [1, 1, 1], 'recursive_limit': 8, 'mass': 1, 'position': [0, 0, 0.5], 'joint_position': [0, 0.5, 0.5], 'joint_axis': '-0.0966  0.9541  0.4378', 'connections': [1]}"
1,"{'dimensions': [1, 1, 1], 'recursive_limit': 7, 'mass': 1, 'position': [0.0, 0.5, 0.0], 'joint_position': [0.0, 1.0, 0.0], 'joint_axis': '-0.953  -0.093   0.4054', 'connections': [2]}"
2,"{'dimensions': [1, 1, 1], 'recursive_limit': 6, 'mass': 1, 'position': [0.0, 0.5, 0.0], 'joint_position': [0.0, 1.0, 0.0], 'joint_axis': ' 0.8654  0.4986 -0.7892', 'connections': [3]}"
3,"{'dimensions': [1, 1, 1], 'recursive_limit': 5, 'mass': 1, 'position': [0.0, 0.5, 0.0], 'joint_position': [0.0, 1.0, 0.0], 'joint_axis': ' 0.7967  0.6348 -0.4041', 'connections': [4]}"
4,"{'dimensions': [1, 1, 1], 'recursive_limit': 4, 'mass': 1, 'position': [0.0, 0.5, 0.0], 'joint_position': [0.0, 1.0, 0.0], 'joint_axis': '-0.0124 -0.6284 -0.6074', 'connections': [5]}"
5,"{'dimensions': [1, 1, 1], 'recursive_limit': 3, 'mass': 1, 'position': [0.0, 0.5, 0.0], 'joint_position': [0.0, 1.0, 0.0], 'joint_axis': ' 0.6013 -0.4253 -0.4308', 'connections': [6]}"
6,"{'dimensions': [1, 1, 1], 'recursive_limit': 2, 'mass': 1, 'position': [0.0, 0.5, 0.0], 'joint_position': [0.0, 1.0, 0.0], 'joint_axis': ' 0.0304  0.1422 -0.498 ', 'connections': [7]}"
7,"{'dimensions': [1, 1, 1], 'recursive_limit': 1, 'mass': 1, 'position': [0.0, 0.5, 0.0], 'joint_position': [0.0, 1.0, 0.0], 'joint_axis': '-0.7732  0.4623  0.0354', 'connections': []}"

0,"{'dimensions': [1, 1, 1], 'recursive_limit': 8, 'mass': 1, 'position': [0, 0, 0.5], 'joint_position': [0, 0.5, 0.5], 'joint_axis': '-0.0374  0.9363  0.3605', 'connections': [1]}"
1,"{'dimensions': [1, 1, 1], 'recursive_limit': 7, 'mass': 1, 'position': [0.0, 0.5, 0.0], 'joint_position': [0.0, 1.0, 0.0], 'joint_axis': '0.3383 0.4557 0.5149', 'connections': [2]}"
2,"{'dimensions': [1, 1, 1], 'recursive_limit': 6, 'mass': 1, 'position': [0.0, 0.5, 0.0], 'joint_position': [0.0, 1.0, 0.0], 'joint_axis': ' 0.4756  0.6304 -0.1661', 'connections': [3]}"
3,"{'dimensions': [1, 1, 1], 'recursive_limit': 5, 'mass': 1, 'position': [0.0, 0.5, 0.0], 'joint_position': [0.0, 1.0, 0.0], 'joint_axis': '-0.6425  0.498   0.6262', 'connections': [4]}"
4,"{'dimensions': [1, 1, 1], 'recursive_limit': 4, 'mass': 1, 'position': [0.0, 0.5, 0.0], 'joint_position': [0.0, 1.0, 0.0], 'joint_axis': ' 0.1219 -0.9856 -0.4501', 'connections': [5]}"
5,"{'dimensions': [1, 1, 1], 'recursive_limit': 3, 'mass': 1, 'position': [0.0, 0.5, 0.0], 'joint_position': [0.0, 1.0, 0.0], 'joint_axis': '0.5696 0.5465 0.034 ', 'connections': [6]}"
6,"{'dimensions': [1, 1, 1], 'recursive_limit': 2, 'mass': 1, 'position': [0.0, 0.5, 0.0], 'joint_position': [0.0, 1.0, 0.0], 'joint_axis': '-0.1899  0.6244 -0.6043', 'connections': [7]}"
7,"{'dimensions': [1, 1, 1], 'recursive_limit': 1, 'mass': 0.9999, 'position': [0.0, 0.5, 0.0], 'joint_position': [0.0, 1.0, 0.0], 'joint_axis': '-0.5814 -0.6374 -0.9003', 'connections': []}"

0,"{'dimensions': [1, 1, 1], 'recursive_limit': 8, 'mass': 1, 'position': [0, 0, 0.5], 'joint_position': [0, 0.5, 0.5], 'joint_axis': ' 0.4665  0.8101 -0.1423', 'connections': [1]}"
1,"{'dimensions': [1, 1, 1], 'recursive_limit': 7, 'mass': 1, 'position': [0.0, 0.5, 0.0], 'joint_position': [0.0, 1.0, 0.0], 'joint_axis': '-0.7222 -0.3116  0.0795', 'connections': [2]}"
2,"{'dimensions': [1, 1, 1], 'recursive_limit': 6, 'mass': 1, 'position': [0.0, 0.5, 0.0], 'joint_position': [0.0, 1.0, 0.0], 'joint_axis': '0.376  0.9215 0.8244', 'connections': [3]}"
3,"{'dimensions': [1, 1, 1], 'recursive_limit': 5, 'mass': 1, 'position': [0.0, 0.5, 0.0], 'joint_position': [0.0, 1.0, 0.0], 'joint_axis': ' 0.8994  0.8514 -0.2335', 'connections': [4]}"
4,"{'dimensions': [1, 1, 1], 'recursive_limit': 4, 'mass': 1, 'position': [0.0, 0.5, 0.0], 'joint_position': [0.0, 1.0, 0.0], 'joint_axis': '-0.7431  0.9458 -0.3564', 'connections': [5]}"
5,"{'dimensions': [1, 1, 1], 'recursive_limit': 3, 'mass': 1, 'position': [0.0, 0.5, 0.0], 'joint_position': [0.0, 1.0, 0.0], 'joint_axis': '-0.0852  0.3357 -0.7414', 'connections': [6]}"
6,"{'dimensions': [1, 1, 1], 'recursive_limit': 2, 'mass': 1, 'position': [0.0, 0.5, 0.0], 'joint_position': [0.0, 1.0, 0.0], 'joint_axis': '-0.5398 -0.7709 -0.3957', 'connections': [7]}"
7,"{'dimensions': [1, 1, 1], 'recursive_limit': 1, 'mass': 0.9997, 'position': [0.0, 0.5, 0.0], 'joint_position': [0.0, 1.0, 0.0], 'joint_axis': '-0.6454 -0.6615  0.9076', 'connections': []}"



0,"{'dimensions': [1, 1, 1], 'recursive_limit': 8, 'mass': 1, 'position': [0, 0, 0.5], 'joint_position': [0, 0.5, 0.5], 'joint_axis': ' 0.1416  0.1754 -0.1841', 'connections': [1]}"
1,"{'dimensions': [1, 1, 1], 'recursive_limit': 7, 'mass': 1, 'position': [0.0, 0.5, 0.0], 'joint_position': [0.0, 1.0, 0.0], 'joint_axis': '-0.3886  0.9921 -0.915 ', 'connections': [2]}"
2,"{'dimensions': [1, 1, 1], 'recursive_limit': 6, 'mass': 1, 'position': [0.0, 0.5, 0.0], 'joint_position': [0.0, 1.0, 0.0], 'joint_axis': ' 0.2753 -0.6004 -0.1346', 'connections': [3]}"
3,"{'dimensions': [1, 1, 1], 'recursive_limit': 5, 'mass': 1, 'position': [0.0, 0.5, 0.0], 'joint_position': [0.0, 1.0, 0.0], 'joint_axis': ' 0.0095  0.0028 -0.6336', 'connections': [4]}"
4,"{'dimensions': [1, 1, 1], 'recursive_limit': 4, 'mass': 1, 'position': [0.0, 0.5, 0.0], 'joint_position': [0.0, 1.0, 0.0], 'joint_axis': '-0.443  -0.6872  0.7365', 'connections': [5]}"
5,"{'dimensions': [1, 1, 1], 'recursive_limit': 3, 'mass': 1, 'position': [0.0, 0.5, 0.0], 'joint_position': [0.0, 1.0, 0.0], 'joint_axis': ' 0.2689 -0.2493  0.6316', 'connections': [6]}"
6,"{'dimensions': [1, 1, 1], 'recursive_limit': 2, 'mass': 1, 'position': [0.0, 0.5, 0.0], 'joint_position': [0.0, 1.0, 0.0], 'joint_axis': '-0.4159  0.7425  0.5708', 'connections': [7]}"
7,"{'dimensions': [1, 1, 1], 'recursive_limit': 1, 'mass': 0.9999, 'position': [0.0, 0.5, 0.0], 'joint_position': [0.0, 1.0, 0.0], 'joint_axis': '-0.7428 -0.3671 -0.8321', 'connections': []}"

0,"{'dimensions': [1, 1, 1], 'recursive_limit': 8, 'mass': 1, 'position': [0, 0, 0.5], 'joint_position': [0, 0.5, 0.5], 'joint_axis': ' 0.6683 -0.1342  0.5376', 'connections': [1]}"
1,"{'dimensions': [1, 1, 1], 'recursive_limit': 7, 'mass': 1, 'position': [0.0, 0.5, 0.0], 'joint_position': [0.0, 1.0, 0.0], 'joint_axis': '-0.6768  0.7879  0.8007', 'connections': [2]}"
2,"{'dimensions': [1, 1, 1], 'recursive_limit': 6, 'mass': 1, 'position': [0.0, 0.5, 0.0], 'joint_position': [0.0, 1.0, 0.0], 'joint_axis': '-0.5375 -0.9029  0.919 ', 'connections': [3]}"
3,"{'dimensions': [1, 1, 1], 'recursive_limit': 5, 'mass': 1, 'position': [0.0, 0.5, 0.0], 'joint_position': [0.0, 1.0, 0.0], 'joint_axis': ' 0.9176 -0.1885 -0.9586', 'connections': [4]}"
4,"{'dimensions': [1, 1, 1], 'recursive_limit': 4, 'mass': 1, 'position': [0.0, 0.5, 0.0], 'joint_position': [0.0, 1.0, 0.0], 'joint_axis': '-0.1693 -0.7166  0.9788', 'connections': [5]}"
5,"{'dimensions': [1, 1, 1], 'recursive_limit': 3, 'mass': 1, 'position': [0.0, 0.5, 0.0], 'joint_position': [0.0, 1.0, 0.0], 'joint_axis': '-0.0686 -0.2174 -0.5099', 'connections': [6]}"
6,"{'dimensions': [1, 1, 1], 'recursive_limit': 2, 'mass': 1, 'position': [0.0, 0.5, 0.0], 'joint_position': [0.0, 1.0, 0.0], 'joint_axis': '-0.4476  0.3657  0.5177', 'connections': [7]}"
7,"{'dimensions': [1, 1, 1], 'recursive_limit': 1, 'mass': 0.9998, 'position': [0.0, 0.5, 0.0], 'joint_position': [0.0, 1.0, 0.0], 'joint_axis': '-0.1195  0.6055  0.8773', 'connections': []}"

0,"{'dimensions': [1, 1, 1], 'recursive_limit': 8, 'mass': 1, 'position': [0, 0, 0.5], 'joint_position': [0, 0.5, 0.5], 'joint_axis': '-0.0966  0.9541  0.4378', 'connections': [1]}"
1,"{'dimensions': [1, 1, 1], 'recursive_limit': 7, 'mass': 1, 'position': [0.0, 0.5, 0.0], 'joint_position': [0.0, 1.0, 0.0], 'joint_axis': '-0.953  -0.093   0.4054', 'connections': [2]}"
2,"{'dimensions': [1, 1, 1], 'recursive_limit': 6, 'mass': 1, 'position': [0.0, 0.5, 0.0], 'joint_position': [0.0, 1.0, 0.0], 'joint_axis': ' 0.8654  0.4986 -0.7892', 'connections': [3]}"
3,"{'dimensions': [1, 1, 1], 'recursive_limit': 5, 'mass': 1, 'position': [0.0, 0.5, 0.0], 'joint_position': [0.0, 1.0, 0.0], 'joint_axis': ' 0.7967  0.6348 -0.4041', 'connections': [4]}"
4,"{'dimensions': [1, 1, 1], 'recursive_limit': 4, 'mass': 1, 'position': [0.0, 0.5, 0.0], 'joint_position': [0.0, 1.0, 0.0], 'joint_axis': '-0.0124 -0.6284 -0.6074', 'connections': [5]}"
5,"{'dimensions': [1, 1, 1], 'recursive_limit': 3, 'mass': 1, 'position': [0.0, 0.5, 0.0], 'joint_position': [0.0, 1.0, 0.0], 'joint_axis': ' 0.6013 -0.4253 -0.4308', 'connections': [6]}"
6,"{'dimensions': [1, 1, 1], 'recursive_limit': 2, 'mass': 1, 'position': [0.0, 0.5, 0.0], 'joint_position': [0.0, 1.0, 0.0], 'joint_axis': ' 0.0304  0.1422 -0.498 ', 'connections': [7]}"
7,"{'dimensions': [1, 1, 1], 'recursive_limit': 1, 'mass': 0.9999, 'position': [0.0, 0.5, 0.0], 'joint_position': [0.0, 1.0, 0.0], 'joint_axis': '-0.7732  0.4623  0.0354', 'connections': []}"

0,"{'dimensions': [1, 1, 1], 'recursive_limit': 8, 'mass': 1, 'position': [0, 0, 0.5], 'joint_position': [0, 0.5, 0.5], 'joint_axis': '-0.0374  0.9363  0.3605', 'connections': [1]}"
1,"{'dimensions': [1, 1, 1], 'recursive_limit': 7, 'mass': 1, 'position': [0.0, 0.5, 0.0], 'joint_position': [0.0, 1.0, 0.0], 'joint_axis': '0.3383 0.4557 0.5149', 'connections': [2]}"
2,"{'dimensions': [1, 1, 1], 'recursive_limit': 6, 'mass': 1, 'position': [0.0, 0.5, 0.0], 'joint_position': [0.0, 1.0, 0.0], 'joint_axis': ' 0.4756  0.6304 -0.1661', 'connections': [3]}"
3,"{'dimensions': [1, 1, 1], 'recursive_limit': 5, 'mass': 1, 'position': [0.0, 0.5, 0.0], 'joint_position': [0.0, 1.0, 0.0], 'joint_axis': '-0.6425  0.498   0.6262', 'connections': [4]}"
4,"{'dimensions': [1, 1, 1], 'recursive_limit': 4, 'mass': 1, 'position': [0.0, 0.5, 0.0], 'joint_position': [0.0, 1.0, 0.0], 'joint_axis': ' 0.1219 -0.9856 -0.4501', 'connections': [5]}"
5,"{'dimensions': [1, 1, 1], 'recursive_limit': 3, 'mass': 1, 'position': [0.0, 0.5, 0.0], 'joint_position': [0.0, 1.0, 0.0], 'joint_axis': '0.5696 0.5465 0.034 ', 'connections': [6]}"
6,"{'dimensions': [1, 1, 1], 'recursive_limit': 2, 'mass': 1, 'position': [0.0, 0.5, 0.0], 'joint_position': [0.0, 1.0, 0.0], 'joint_axis': '-0.1899  0.6244 -0.6043', 'connections': [7]}"
7,"{'dimensions': [1, 1, 1], 'recursive_limit': 1, 'mass': 0.9999, 'position': [0.0, 0.5, 0.0], 'joint_position': [0.0, 1.0, 0.0], 'joint_axis': '-0.5814 -0.6374 -0.9003', 'connections': []}"

0,"{'dimensions': [1, 1, 1], 'recursive_limit': 8, 'mass': 1, 'position': [0, 0, 0.5], 'joint_position': [0, 0.5, 0.5], 'joint_axis': ' 0.4665  0.8101 -0.1423', 'connections': [1]}"
1,"{'dimensions': [1, 1, 1], 'recursive_limit': 7, 'mass': 1, 'position': [0.0, 0.5, 0.0], 'joint_position': [0.0, 1.0, 0.0], 'joint_axis': '-0.7222 -0.3116  0.0795', 'connections': [2]}"
2,"{'dimensions': [1, 1, 1], 'recursive_limit': 6, 'mass': 1, 'position': [0.0, 0.5, 0.0], 'joint_position': [0.0, 1.0, 0.0], 'joint_axis': '0.376  0.9215 0.8244', 'connections': [3]}"
3,"{'dimensions': [1, 1, 1], 'recursive_limit': 5, 'mass': 1, 'position': [0.0, 0.5, 0.0], 'joint_position': [0.0, 1.0, 0.0], 'joint_axis': ' 0.8994  0.8514 -0.2335', 'connections': [4]}"
4,"{'dimensions': [1, 1, 1], 'recursive_limit': 4, 'mass': 1, 'position': [0.0, 0.5, 0.0], 'joint_position': [0.0, 1.0, 0.0], 'joint_axis': '-0.7431  0.9458 -0.3564', 'connections': [5]}"
5,"{'dimensions': [1, 1, 1], 'recursive_limit': 3, 'mass': 1, 'position': [0.0, 0.5, 0.0], 'joint_position': [0.0, 1.0, 0.0], 'joint_axis': '-0.0852  0.3357 -0.7414', 'connections': [6]}"
6,"{'dimensions': [1, 1, 1], 'recursive_limit': 2, 'mass': 1, 'position': [0.0, 0.5, 0.0], 'joint_position': [0.0, 1.0, 0.0], 'joint_axis': '-0.5398 -0.7709 -0.3957', 'connections': [7]}"
7,"{'dimensions': [1, 1, 1], 'recursive_limit': 1, 'mass': 0.9997, 'position': [0.0, 0.5, 0.0], 'joint_position': [0.0, 1.0, 0.0], 'joint_axis': '-0.6454 -0.6615  0.9076', 'connections': []}"



0,"{'dimensions': [1, 1, 1], 'recursive_limit': 8, 'mass': 1, 'position': [0, 0, 0.5], 'joint_position': [0, 0.5, 0.5], 'joint_axis': ' 0.1416  0.1754 -0.1841', 'connections': [1]}"
1,"{'dimensions': [1, 1, 1], 'recursive_limit': 7, 'mass': 1, 'position': [0.0, 0.5, 0.0], 'joint_position': [0.0, 1.0, 0.0], 'joint_axis': '-0.3886  0.9921 -0.915 ', 'connections': [2]}"
2,"{'dimensions': [1, 1, 1], 'recursive_limit': 6, 'mass': 1, 'position': [0.0, 0.5, 0.0], 'joint_position': [0.0, 1.0, 0.0], 'joint_axis': ' 0.2753 -0.6004 -0.1346', 'connections': [3]}"
3,"{'dimensions': [1, 1, 1], 'recursive_limit': 5, 'mass': 1, 'position': [0.0, 0.5, 0.0], 'joint_position': [0.0, 1.0, 0.0], 'joint_axis': ' 0.0095  0.0028 -0.6336', 'connections': [4]}"
4,"{'dimensions': [1, 1, 1], 'recursive_limit': 4, 'mass': 1, 'position': [0.0, 0.5, 0.0], 'joint_position': [0.0, 1.0, 0.0], 'joint_axis': '-0.443  -0.6872  0.7365', 'connections': [5]}"
5,"{'dimensions': [1, 1, 1], 'recursive_limit': 3, 'mass': 1, 'position': [0.0, 0.5, 0.0], 'joint_position': [0.0, 1.0, 0.0], 'joint_axis': ' 0.2689 -0.2493  0.6316', 'connections': [6]}"
6,"{'dimensions': [1, 1, 1], 'recursive_limit': 2, 'mass': 1, 'position': [0.0, 0.5, 0.0], 'joint_position': [0.0, 1.0, 0.0], 'joint_axis': '-0.4159  0.7425  0.5708', 'connections': [7]}"
7,"{'dimensions': [1, 1, 1], 'recursive_limit': 1, 'mass': 0.9999, 'position': [0.0, 0.5, 0.0], 'joint_position': [0.0, 1.0, 0.0], 'joint_axis': '-0.7428 -0.3671 -0.8321', 'connections': []}"

0,"{'dimensions': [1, 1, 1], 'recursive_limit': 8, 'mass': 1, 'position': [0, 0, 0.5], 'joint_position': [0, 0.5, 0.5], 'joint_axis': ' 0.6683 -0.1342  0.5376', 'connections': [1]}"
1,"{'dimensions': [1, 1, 1], 'recursive_limit': 7, 'mass': 1, 'position': [0.0, 0.5, 0.0], 'joint_position': [0.0, 1.0, 0.0], 'joint_axis': '-0.6768  0.7879  0.8007', 'connections': [2]}"
2,"{'dimensions': [1, 1, 1], 'recursive_limit': 6, 'mass': 1, 'position': [0.0, 0.5, 0.0], 'joint_position': [0.0, 1.0, 0.0], 'joint_axis': '-0.5375 -0.9029  0.919 ', 'connections': [3]}"
3,"{'dimensions': [1, 1, 1], 'recursive_limit': 5, 'mass': 1, 'position': [0.0, 0.5, 0.0], 'joint_position': [0.0, 1.0, 0.0], 'joint_axis': ' 0.9176 -0.1885 -0.9586', 'connections': [4]}"
4,"{'dimensions': [1, 1, 1], 'recursive_limit': 4, 'mass': 1, 'position': [0.0, 0.5, 0.0], 'joint_position': [0.0, 1.0, 0.0], 'joint_axis': '-0.1693 -0.7166  0.9788', 'connections': [5]}"
5,"{'dimensions': [1, 1, 1], 'recursive_limit': 3, 'mass': 1, 'position': [0.0, 0.5, 0.0], 'joint_position': [0.0, 1.0, 0.0], 'joint_axis': '-0.0686 -0.2174 -0.5099', 'connections': [6]}"
6,"{'dimensions': [1, 1, 1], 'recursive_limit': 2, 'mass': 1, 'position': [0.0, 0.5, 0.0], 'joint_position': [0.0, 1.0, 0.0], 'joint_axis': '-0.4476  0.3657  0.5177', 'connections': [7]}"
7,"{'dimensions': [1, 1, 1], 'recursive_limit': 1, 'mass': 0.9998, 'position': [0.0, 0.5, 0.0], 'joint_position': [0.0, 1.0, 0.0], 'joint_axis': '-0.1195  0.6055  0.8773', 'connections': []}"

0,"{'dimensions': [1, 1, 1], 'recursive_limit': 8, 'mass': 1, 'position': [0, 0, 0.5], 'joint_position': [0, 0.5, 0.5], 'joint_axis': '-0.0966  0.9541  0.4378', 'connections': [1]}"
1,"{'dimensions': [1, 1, 1], 'recursive_limit': 7, 'mass': 1, 'position': [0.0, 0.5, 0.0], 'joint_position': [0.0, 1.0, 0.0], 'joint_axis': '-0.953  -0.093   0.4054', 'connections': [2]}"
2,"{'dimensions': [1, 1, 1], 'recursive_limit': 6, 'mass': 1, 'position': [0.0, 0.5, 0.0], 'joint_position': [0.0, 1.0, 0.0], 'joint_axis': ' 0.8654  0.4986 -0.7892', 'connections': [3]}"
3,"{'dimensions': [1, 1, 1], 'recursive_limit': 5, 'mass': 1, 'position': [0.0, 0.5, 0.0], 'joint_position': [0.0, 1.0, 0.0], 'joint_axis': ' 0.7967  0.6348 -0.4041', 'connections': [4]}"
4,"{'dimensions': [1, 1, 1], 'recursive_limit': 4, 'mass': 1, 'position': [0.0, 0.5, 0.0], 'joint_position': [0.0, 1.0, 0.0], 'joint_axis': '-0.0124 -0.6284 -0.6074', 'connections': [5]}"
5,"{'dimensions': [1, 1, 1], 'recursive_limit': 3, 'mass': 1, 'position': [0.0, 0.5, 0.0], 'joint_position': [0.0, 1.0, 0.0], 'joint_axis': ' 0.6013 -0.4253 -0.4308', 'connections': [6]}"
6,"{'dimensions': [1, 1, 1], 'recursive_limit': 2, 'mass': 1, 'position': [0.0, 0.5, 0.0], 'joint_position': [0.0, 1.0, 0.0], 'joint_axis': ' 0.0304  0.1422 -0.498 ', 'connections': [7]}"
7,"{'dimensions': [1, 1, 1], 'recursive_limit': 1, 'mass': 0.9999, 'position': [0.0, 0.5, 0.0], 'joint_position': [0.0, 1.0, 0.0], 'joint_axis': '-0.7732  0.4623  0.0354', 'connections': []}"

0,"{'dimensions': [1, 1, 1], 'recursive_limit': 8, 'mass': 1, 'position': [0, 0, 0.5], 'joint_position': [0, 0.5, 0.5], 'joint_axis': '-0.0374  0.9363  0.3605', 'connections': [1]}"
1,"{'dimensions': [1, 1, 1], 'recursive_limit': 7, 'mass': 1, 'position': [0.0, 0.5, 0.0], 'joint_position': [0.0, 1.0, 0.0], 'joint_axis': '0.3383 0.4557 0.5149', 'connections': [2]}"
2,"{'dimensions': [1, 1, 1], 'recursive_limit': 6, 'mass': 1, 'position': [0.0, 0.5, 0.0], 'joint_position': [0.0, 1.0, 0.0], 'joint_axis': ' 0.4756  0.6304 -0.1661', 'connections': [3]}"
3,"{'dimensions': [1, 1, 1], 'recursive_limit': 5, 'mass': 1, 'position': [0.0, 0.5, 0.0], 'joint_position': [0.0, 1.0, 0.0], 'joint_axis': '-0.6425  0.498   0.6262', 'connections': [4]}"
4,"{'dimensions': [1, 1, 1], 'recursive_limit': 4, 'mass': 1, 'position': [0.0, 0.5, 0.0], 'joint_position': [0.0, 1.0, 0.0], 'joint_axis': ' 0.1219 -0.9856 -0.4501', 'connections': [5]}"
5,"{'dimensions': [1, 1, 1], 'recursive_limit': 3, 'mass': 1, 'position': [0.0, 0.5, 0.0], 'joint_position': [0.0, 1.0, 0.0], 'joint_axis': '0.5696 0.5465 0.034 ', 'connections': [6]}"
6,"{'dimensions': [1, 1, 1], 'recursive_limit': 2, 'mass': 1, 'position': [0.0, 0.5, 0.0], 'joint_position': [0.0, 1.0, 0.0], 'joint_axis': '-0.1899  0.6244 -0.6043', 'connections': [7]}"
7,"{'dimensions': [1, 1, 1], 'recursive_limit': 1, 'mass': 0.9998, 'position': [0.0, 0.5, 0.0], 'joint_position': [0.0, 1.0, 0.0], 'joint_axis': '-0.5814 -0.6374 -0.9003', 'connections': []}"

0,"{'dimensions': [1, 1, 1], 'recursive_limit': 8, 'mass': 1, 'position': [0, 0, 0.5], 'joint_position': [0, 0.5, 0.5], 'joint_axis': ' 0.4665  0.8101 -0.1423', 'connections': [1]}"
1,"{'dimensions': [1, 1, 1], 'recursive_limit': 7, 'mass': 1, 'position': [0.0, 0.5, 0.0], 'joint_position': [0.0, 1.0, 0.0], 'joint_axis': '-0.7222 -0.3116  0.0795', 'connections': [2]}"
2,"{'dimensions': [1, 1, 1], 'recursive_limit': 6, 'mass': 1, 'position': [0.0, 0.5, 0.0], 'joint_position': [0.0, 1.0, 0.0], 'joint_axis': '0.376  0.9215 0.8244', 'connections': [3]}"
3,"{'dimensions': [1, 1, 1], 'recursive_limit': 5, 'mass': 1, 'position': [0.0, 0.5, 0.0], 'joint_position': [0.0, 1.0, 0.0], 'joint_axis': ' 0.8994  0.8514 -0.2335', 'connections': [4]}"
4,"{'dimensions': [1, 1, 1], 'recursive_limit': 4, 'mass': 1, 'position': [0.0, 0.5, 0.0], 'joint_position': [0.0, 1.0, 0.0], 'joint_axis': '-0.7431  0.9458 -0.3564', 'connections': [5]}"
5,"{'dimensions': [1, 1, 1], 'recursive_limit': 3, 'mass': 1, 'position': [0.0, 0.5, 0.0], 'joint_position': [0.0, 1.0, 0.0], 'joint_axis': '-0.0852  0.3357 -0.7414', 'connections': [6]}"
6,"{'dimensions': [1, 1, 1], 'recursive_limit': 2, 'mass': 1, 'position': [0.0, 0.5, 0.0], 'joint_position': [0.0, 1.0, 0.0], 'joint_axis': '-0.5398 -0.7709 -0.3957', 'connections': [7]}"
7,"{'dimensions': [1, 1, 1], 'recursive_limit': 1, 'mass': 0.9997, 'position': [0.0, 0.5, 0.0], 'joint_position': [0.0, 1.0, 0.0], 'joint_axis': '-0.6454 -0.6615  0.9076', 'connections': []}"



0,"{'dimensions': [1, 1, 1], 'recursive_limit': 8, 'mass': 1, 'position': [0, 0, 0.5], 'joint_position': [0, 0.5, 0.5], 'joint_axis': ' 0.1416  0.1754 -0.1841', 'connections': [1]}"
1,"{'dimensions': [1, 1, 1], 'recursive_limit': 7, 'mass': 1, 'position': [0.0, 0.5, 0.0], 'joint_position': [0.0, 1.0, 0.0], 'joint_axis': '-0.3886  0.9921 -0.915 ', 'connections': [2]}"
2,"{'dimensions': [1, 1, 1], 'recursive_limit': 6, 'mass': 1, 'position': [0.0, 0.5, 0.0], 'joint_position': [0.0, 1.0, 0.0], 'joint_axis': ' 0.2753 -0.6004 -0.1346', 'connections': [3]}"
3,"{'dimensions': [1, 1, 1], 'recursive_limit': 5, 'mass': 1, 'position': [0.0, 0.5, 0.0], 'joint_position': [0.0, 1.0, 0.0], 'joint_axis': ' 0.0095  0.0028 -0.6336', 'connections': [4]}"
4,"{'dimensions': [1, 1, 1], 'recursive_limit': 4, 'mass': 1, 'position': [0.0, 0.5, 0.0], 'joint_position': [0.0, 1.0, 0.0], 'joint_axis': '-0.443  -0.6872  0.7365', 'connections': [5]}"
5,"{'dimensions': [1, 1, 1], 'recursive_limit': 3, 'mass': 1, 'position': [0.0, 0.5, 0.0], 'joint_position': [0.0, 1.0, 0.0], 'joint_axis': ' 0.2689 -0.2493  0.6316', 'connections': [6]}"
6,"{'dimensions': [1, 1, 1], 'recursive_limit': 2, 'mass': 1, 'position': [0.0, 0.5, 0.0], 'joint_position': [0.0, 1.0, 0.0], 'joint_axis': '-0.4159  0.7425  0.5708', 'connections': [7]}"
7,"{'dimensions': [1, 1, 1], 'recursive_limit': 1, 'mass': 0.9999, 'position': [0.0, 0.5, 0.0], 'joint_position': [0.0, 1.0, 0.0], 'joint_axis': '-0.7428 -0.3671 -0.8321', 'connections': []}"

0,"{'dimensions': [1, 1, 1], 'recursive_limit': 8, 'mass': 1, 'position': [0, 0, 0.5], 'joint_position': [0, 0.5, 0.5], 'joint_axis': ' 0.6683 -0.1342  0.5376', 'connections': [1]}"
1,"{'dimensions': [1, 1, 1], 'recursive_limit': 7, 'mass': 1, 'position': [0.0, 0.5, 0.0], 'joint_position': [0.0, 1.0, 0.0], 'joint_axis': '-0.6768  0.7879  0.8007', 'connections': [2]}"
2,"{'dimensions': [1, 1, 1], 'recursive_limit': 6, 'mass': 1, 'position': [0.0, 0.5, 0.0], 'joint_position': [0.0, 1.0, 0.0], 'joint_axis': '-0.5375 -0.9029  0.919 ', 'connections': [3]}"
3,"{'dimensions': [1, 1, 1], 'recursive_limit': 5, 'mass': 1, 'position': [0.0, 0.5, 0.0], 'joint_position': [0.0, 1.0, 0.0], 'joint_axis': ' 0.9176 -0.1885 -0.9586', 'connections': [4]}"
4,"{'dimensions': [1, 1, 1], 'recursive_limit': 4, 'mass': 1, 'position': [0.0, 0.5, 0.0], 'joint_position': [0.0, 1.0, 0.0], 'joint_axis': '-0.1693 -0.7166  0.9788', 'connections': [5]}"
5,"{'dimensions': [1, 1, 1], 'recursive_limit': 3, 'mass': 1, 'position': [0.0, 0.5, 0.0], 'joint_position': [0.0, 1.0, 0.0], 'joint_axis': '-0.0686 -0.2174 -0.5099', 'connections': [6]}"
6,"{'dimensions': [1, 1, 1], 'recursive_limit': 2, 'mass': 1, 'position': [0.0, 0.5, 0.0], 'joint_position': [0.0, 1.0, 0.0], 'joint_axis': '-0.4476  0.3657  0.5177', 'connections': [7]}"
7,"{'dimensions': [1, 1, 1], 'recursive_limit': 1, 'mass': 0.9998, 'position': [0.0, 0.5, 0.0], 'joint_position': [0.0, 1.0, 0.0], 'joint_axis': '-0.1195  0.6055  0.8773', 'connections': []}"

0,"{'dimensions': [1, 1, 1], 'recursive_limit': 8, 'mass': 1, 'position': [0, 0, 0.5], 'joint_position': [0, 0.5, 0.5], 'joint_axis': '-0.0966  0.9541  0.4378', 'connections': [1]}"
1,"{'dimensions': [1, 1, 1], 'recursive_limit': 7, 'mass': 1, 'position': [0.0, 0.5, 0.0], 'joint_position': [0.0, 1.0, 0.0], 'joint_axis': '-0.953  -0.093   0.4054', 'connections': [2]}"
2,"{'dimensions': [1, 1, 1], 'recursive_limit': 6, 'mass': 1, 'position': [0.0, 0.5, 0.0], 'joint_position': [0.0, 1.0, 0.0], 'joint_axis': ' 0.8654  0.4986 -0.7892', 'connections': [3]}"
3,"{'dimensions': [1, 1, 1], 'recursive_limit': 5, 'mass': 1, 'position': [0.0, 0.5, 0.0], 'joint_position': [0.0, 1.0, 0.0], 'joint_axis': ' 0.7967  0.6348 -0.4041', 'connections': [4]}"
4,"{'dimensions': [1, 1, 1], 'recursive_limit': 4, 'mass': 1, 'position': [0.0, 0.5, 0.0], 'joint_position': [0.0, 1.0, 0.0], 'joint_axis': '-0.0124 -0.6284 -0.6074', 'connections': [5]}"
5,"{'dimensions': [1, 1, 1], 'recursive_limit': 3, 'mass': 1, 'position': [0.0, 0.5, 0.0], 'joint_position': [0.0, 1.0, 0.0], 'joint_axis': ' 0.6013 -0.4253 -0.4308', 'connections': [6]}"
6,"{'dimensions': [1, 1, 1], 'recursive_limit': 2, 'mass': 1, 'position': [0.0, 0.5, 0.0], 'joint_position': [0.0, 1.0, 0.0], 'joint_axis': ' 0.0304  0.1422 -0.498 ', 'connections': [7]}"
7,"{'dimensions': [1, 1, 1], 'recursive_limit': 1, 'mass': 0.9999, 'position': [0.0, 0.5, 0.0], 'joint_position': [0.0, 1.0, 0.0], 'joint_axis': '-0.7732  0.4623  0.0354', 'connections': []}"

0,"{'dimensions': [1, 1, 1], 'recursive_limit': 8, 'mass': 1, 'position': [0, 0, 0.5], 'joint_position': [0, 0.5, 0.5], 'joint_axis': '-0.0374  0.9363  0.3605', 'connections': [1]}"
1,"{'dimensions': [1, 1, 1], 'recursive_limit': 7, 'mass': 1, 'position': [0.0, 0.5, 0.0], 'joint_position': [0.0, 1.0, 0.0], 'joint_axis': '0.3383 0.4557 0.5149', 'connections': [2]}"
2,"{'dimensions': [1, 1, 1], 'recursive_limit': 6, 'mass': 1, 'position': [0.0, 0.5, 0.0], 'joint_position': [0.0, 1.0, 0.0], 'joint_axis': ' 0.4756  0.6304 -0.1661', 'connections': [3]}"
3,"{'dimensions': [1, 1, 1], 'recursive_limit': 5, 'mass': 1, 'position': [0.0, 0.5, 0.0], 'joint_position': [0.0, 1.0, 0.0], 'joint_axis': '-0.6425  0.498   0.6262', 'connections': [4]}"
4,"{'dimensions': [1, 1, 1], 'recursive_limit': 4, 'mass': 1, 'position': [0.0, 0.5, 0.0], 'joint_position': [0.0, 1.0, 0.0], 'joint_axis': ' 0.1219 -0.9856 -0.4501', 'connections': [5]}"
5,"{'dimensions': [1, 1, 1], 'recursive_limit': 3, 'mass': 1, 'position': [0.0, 0.5, 0.0], 'joint_position': [0.0, 1.0, 0.0], 'joint_axis': '0.5696 0.5465 0.034 ', 'connections': [6]}"
6,"{'dimensions': [1, 1, 1], 'recursive_limit': 2, 'mass': 1, 'position': [0.0, 0.5, 0.0], 'joint_position': [0.0, 1.0, 0.0], 'joint_axis': '-0.1899  0.6244 -0.6043', 'connections': [7]}"
7,"{'dimensions': [1, 1, 1], 'recursive_limit': 1, 'mass': 0.9997, 'position': [0.0, 0.5, 0.0], 'joint_position': [0.0, 1.0, 0.0], 'joint_axis': '-0.5814 -0.6374 -0.9003', 'connections': []}"

0,"{'dimensions': [1, 1, 1], 'recursive_limit': 8, 'mass': 1, 'position': [0, 0, 0.5], 'joint_position': [0, 0.5, 0.5], 'joint_axis': ' 0.4665  0.8101 -0.1423', 'connections': [1]}"
1,"{'dimensions': [1, 1, 1], 'recursive_limit': 7, 'mass': 1, 'position': [0.0, 0.5, 0.0], 'joint_position': [0.0, 1.0, 0.0], 'joint_axis': '-0.7222 -0.3116  0.0795', 'connections': [2]}"
2,"{'dimensions': [1, 1, 1], 'recursive_limit': 6, 'mass': 1, 'position': [0.0, 0.5, 0.0], 'joint_position': [0.0, 1.0, 0.0], 'joint_axis': '0.376  0.9215 0.8244', 'connections': [3]}"
3,"{'dimensions': [1, 1, 1], 'recursive_limit': 5, 'mass': 1, 'position': [0.0, 0.5, 0.0], 'joint_position': [0.0, 1.0, 0.0], 'joint_axis': ' 0.8994  0.8514 -0.2335', 'connections': [4]}"
4,"{'dimensions': [1, 1, 1], 'recursive_limit': 4, 'mass': 1, 'position': [0.0, 0.5, 0.0], 'joint_position': [0.0, 1.0, 0.0], 'joint_axis': '-0.7431  0.9458 -0.3564', 'connections': [5]}"
5,"{'dimensions': [1, 1, 1], 'recursive_limit': 3, 'mass': 1, 'position': [0.0, 0.5, 0.0], 'joint_position': [0.0, 1.0, 0.0], 'joint_axis': '-0.0852  0.3357 -0.7414', 'connections': [6]}"
6,"{'dimensions': [1, 1, 1], 'recursive_limit': 2, 'mass': 1, 'position': [0.0, 0.5, 0.0], 'joint_position': [0.0, 1.0, 0.0], 'joint_axis': '-0.5398 -0.7709 -0.3957', 'connections': [7]}"
7,"{'dimensions': [1, 1, 1], 'recursive_limit': 1, 'mass': 0.9997, 'position': [0.0, 0.5, 0.0], 'joint_position': [0.0, 1.0, 0.0], 'joint_axis': '-0.6454 -0.6615  0.9076', 'connections': []}"



0,"{'dimensions': [1, 1, 1], 'recursive_limit': 8, 'mass': 1, 'position': [0, 0, 0.5], 'joint_position': [0, 0.5, 0.5], 'joint_axis': ' 0.1416  0.1754 -0.1841', 'connections': [1]}"
1,"{'dimensions': [1, 1, 1], 'recursive_limit': 7, 'mass': 1, 'position': [0.0, 0.5, 0.0], 'joint_position': [0.0, 1.0, 0.0], 'joint_axis': '-0.3886  0.9921 -0.915 ', 'connections': [2]}"
2,"{'dimensions': [1, 1, 1], 'recursive_limit': 6, 'mass': 1, 'position': [0.0, 0.5, 0.0], 'joint_position': [0.0, 1.0, 0.0], 'joint_axis': ' 0.2753 -0.6004 -0.1346', 'connections': [3]}"
3,"{'dimensions': [1, 1, 1], 'recursive_limit': 5, 'mass': 1, 'position': [0.0, 0.5, 0.0], 'joint_position': [0.0, 1.0, 0.0], 'joint_axis': ' 0.0095  0.0028 -0.6336', 'connections': [4]}"
4,"{'dimensions': [1, 1, 1], 'recursive_limit': 4, 'mass': 1, 'position': [0.0, 0.5, 0.0], 'joint_position': [0.0, 1.0, 0.0], 'joint_axis': '-0.443  -0.6872  0.7365', 'connections': [5]}"
5,"{'dimensions': [1, 1, 1], 'recursive_limit': 3, 'mass': 1, 'position': [0.0, 0.5, 0.0], 'joint_position': [0.0, 1.0, 0.0], 'joint_axis': ' 0.2689 -0.2493  0.6316', 'connections': [6]}"
6,"{'dimensions': [1, 1, 1], 'recursive_limit': 2, 'mass': 1, 'position': [0.0, 0.5, 0.0], 'joint_position': [0.0, 1.0, 0.0], 'joint_axis': '-0.4159  0.7425  0.5708', 'connections': [7]}"
7,"{'dimensions': [1, 1, 1], 'recursive_limit': 1, 'mass': 0.9999, 'position': [0.0, 0.5, 0.0], 'joint_position': [0.0, 1.0, 0.0], 'joint_axis': '-0.7428 -0.3671 -0.8321', 'connections': []}"

0,"{'dimensions': [1, 1, 1], 'recursive_limit': 8, 'mass': 1, 'position': [0, 0, 0.5], 'joint_position': [0, 0.5, 0.5], 'joint_axis': ' 0.6683 -0.1342  0.5376', 'connections': [1]}"
1,"{'dimensions': [1, 1, 1], 'recursive_limit': 7, 'mass': 1, 'position': [0.0, 0.5, 0.0], 'joint_position': [0.0, 1.0, 0.0], 'joint_axis': '-0.6768  0.7879  0.8007', 'connections': [2]}"
2,"{'dimensions': [1, 1, 1], 'recursive_limit': 6, 'mass': 1, 'position': [0.0, 0.5, 0.0], 'joint_position': [0.0, 1.0, 0.0], 'joint_axis': '-0.5375 -0.9029  0.919 ', 'connections': [3]}"
3,"{'dimensions': [1, 1, 1], 'recursive_limit': 5, 'mass': 1, 'position': [0.0, 0.5, 0.0], 'joint_position': [0.0, 1.0, 0.0], 'joint_axis': ' 0.9176 -0.1885 -0.9586', 'connections': [4]}"
4,"{'dimensions': [1, 1, 1], 'recursive_limit': 4, 'mass': 1, 'position': [0.0, 0.5, 0.0], 'joint_position': [0.0, 1.0, 0.0], 'joint_axis': '-0.1693 -0.7166  0.9788', 'connections': [5]}"
5,"{'dimensions': [1, 1, 1], 'recursive_limit': 3, 'mass': 1, 'position': [0.0, 0.5, 0.0], 'joint_position': [0.0, 1.0, 0.0], 'joint_axis': '-0.0686 -0.2174 -0.5099', 'connections': [6]}"
6,"{'dimensions': [1, 1, 1], 'recursive_limit': 2, 'mass': 1, 'position': [0.0, 0.5, 0.0], 'joint_position': [0.0, 1.0, 0.0], 'joint_axis': '-0.4476  0.3657  0.5177', 'connections': [7]}"
7,"{'dimensions': [1, 1, 1], 'recursive_limit': 1, 'mass': 0.9998, 'position': [0.0, 0.5, 0.0], 'joint_position': [0.0, 1.0, 0.0], 'joint_axis': '-0.1195  0.6055  0.8773', 'connections': []}"

0,"{'dimensions': [1, 1, 1], 'recursive_limit': 8, 'mass': 1, 'position': [0, 0, 0.5], 'joint_position': [0, 0.5, 0.5], 'joint_axis': '-0.0966  0.9541  0.4378', 'connections': [1]}"
1,"{'dimensions': [1, 1, 1], 'recursive_limit': 7, 'mass': 1, 'position': [0.0, 0.5, 0.0], 'joint_position': [0.0, 1.0, 0.0], 'joint_axis': '-0.953  -0.093   0.4054', 'connections': [2]}"
2,"{'dimensions': [1, 1, 1], 'recursive_limit': 6, 'mass': 1, 'position': [0.0, 0.5, 0.0], 'joint_position': [0.0, 1.0, 0.0], 'joint_axis': ' 0.8654  0.4986 -0.7892', 'connections': [3]}"
3,"{'dimensions': [1, 1, 1], 'recursive_limit': 5, 'mass': 1, 'position': [0.0, 0.5, 0.0], 'joint_position': [0.0, 1.0, 0.0], 'joint_axis': ' 0.7967  0.6348 -0.4041', 'connections': [4]}"
4,"{'dimensions': [1, 1, 1], 'recursive_limit': 4, 'mass': 1, 'position': [0.0, 0.5, 0.0], 'joint_position': [0.0, 1.0, 0.0], 'joint_axis': '-0.0124 -0.6284 -0.6074', 'connections': [5]}"
5,"{'dimensions': [1, 1, 1], 'recursive_limit': 3, 'mass': 1, 'position': [0.0, 0.5, 0.0], 'joint_position': [0.0, 1.0, 0.0], 'joint_axis': ' 0.6013 -0.4253 -0.4308', 'connections': [6]}"
6,"{'dimensions': [1, 1, 1], 'recursive_limit': 2, 'mass': 1, 'position': [0.0, 0.5, 0.0], 'joint_position': [0.0, 1.0, 0.0], 'joint_axis': ' 0.0304  0.1422 -0.498 ', 'connections': [7]}"
7,"{'dimensions': [1, 1, 1], 'recursive_limit': 1, 'mass': 0.9999, 'position': [0.0, 0.5, 0.0], 'joint_position': [0.0, 1.0, 0.0], 'joint_axis': '-0.7732  0.4623  0.0354', 'connections': []}"

0,"{'dimensions': [1, 1, 1], 'recursive_limit': 8, 'mass': 1, 'position': [0, 0, 0.5], 'joint_position': [0, 0.5, 0.5], 'joint_axis': '-0.0374  0.9363  0.3605', 'connections': [1]}"
1,"{'dimensions': [1, 1, 1], 'recursive_limit': 7, 'mass': 1, 'position': [0.0, 0.5, 0.0], 'joint_position': [0.0, 1.0, 0.0], 'joint_axis': '0.3383 0.4557 0.5149', 'connections': [2]}"
2,"{'dimensions': [1, 1, 1], 'recursive_limit': 6, 'mass': 1, 'position': [0.0, 0.5, 0.0], 'joint_position': [0.0, 1.0, 0.0], 'joint_axis': ' 0.4756  0.6304 -0.1661', 'connections': [3]}"
3,"{'dimensions': [1, 1, 1], 'recursive_limit': 5, 'mass': 1, 'position': [0.0, 0.5, 0.0], 'joint_position': [0.0, 1.0, 0.0], 'joint_axis': '-0.6425  0.498   0.6262', 'connections': [4]}"
4,"{'dimensions': [1, 1, 1], 'recursive_limit': 4, 'mass': 1, 'position': [0.0, 0.5, 0.0], 'joint_position': [0.0, 1.0, 0.0], 'joint_axis': ' 0.1219 -0.9856 -0.4501', 'connections': [5]}"
5,"{'dimensions': [1, 1, 1], 'recursive_limit': 3, 'mass': 1, 'position': [0.0, 0.5, 0.0], 'joint_position': [0.0, 1.0, 0.0], 'joint_axis': '0.5696 0.5465 0.034 ', 'connections': [6]}"
6,"{'dimensions': [1, 1, 1], 'recursive_limit': 2, 'mass': 1, 'position': [0.0, 0.5, 0.0], 'joint_position': [0.0, 1.0, 0.0], 'joint_axis': '-0.1899  0.6244 -0.6043', 'connections': [7]}"
7,"{'dimensions': [1, 1, 1], 'recursive_limit': 1, 'mass': 0.9997, 'position': [0.0, 0.5, 0.0], 'joint_position': [0.0, 1.0, 0.0], 'joint_axis': '-0.5814 -0.6374 -0.9003', 'connections': []}"

0,"{'dimensions': [1, 1, 1], 'recursive_limit': 8, 'mass': 1, 'position': [0, 0, 0.5], 'joint_position': [0, 0.5, 0.5], 'joint_axis': ' 0.4665  0.8101 -0.1423', 'connections': [1]}"
1,"{'dimensions': [1, 1, 1], 'recursive_limit': 7, 'mass': 1, 'position': [0.0, 0.5, 0.0], 'joint_position': [0.0, 1.0, 0.0], 'joint_axis': '-0.7222 -0.3116  0.0795', 'connections': [2]}"
2,"{'dimensions': [1, 1, 1], 'recursive_limit': 6, 'mass': 1, 'position': [0.0, 0.5, 0.0], 'joint_position': [0.0, 1.0, 0.0], 'joint_axis': '0.376  0.9215 0.8244', 'connections': [3]}"
3,"{'dimensions': [1, 1, 1], 'recursive_limit': 5, 'mass': 1, 'position': [0.0, 0.5, 0.0], 'joint_position': [0.0, 1.0, 0.0], 'joint_axis': ' 0.8994  0.8514 -0.2335', 'connections': [4]}"
4,"{'dimensions': [1, 1, 1], 'recursive_limit': 4, 'mass': 1, 'position': [0.0, 0.5, 0.0], 'joint_position': [0.0, 1.0, 0.0], 'joint_axis': '-0.7431  0.9458 -0.3564', 'connections': [5]}"
5,"{'dimensions': [1, 1, 1], 'recursive_limit': 3, 'mass': 1, 'position': [0.0, 0.5, 0.0], 'joint_position': [0.0, 1.0, 0.0], 'joint_axis': '-0.0852  0.3357 -0.7414', 'connections': [6]}"
6,"{'dimensions': [1, 1, 1], 'recursive_limit': 2, 'mass': 1, 'position': [0.0, 0.5, 0.0], 'joint_position': [0.0, 1.0, 0.0], 'joint_axis': '-0.5398 -0.7709 -0.3957', 'connections': [7]}"
7,"{'dimensions': [1, 1, 1], 'recursive_limit': 1, 'mass': 0.9997, 'position': [0.0, 0.5, 0.0], 'joint_position': [0.0, 1.0, 0.0], 'joint_axis': '-0.6454 -0.6615  0.9076', 'connections': []}"



0,"{'dimensions': [1, 1, 1], 'recursive_limit': 8, 'mass': 1, 'position': [0, 0, 0.5], 'joint_position': [0, 0.5, 0.5], 'joint_axis': ' 0.1416  0.1754 -0.1841', 'connections': [1]}"
1,"{'dimensions': [1, 1, 1], 'recursive_limit': 7, 'mass': 1, 'position': [0.0, 0.5, 0.0], 'joint_position': [0.0, 1.0, 0.0], 'joint_axis': '-0.3886  0.9921 -0.915 ', 'connections': [2]}"
2,"{'dimensions': [1, 1, 1], 'recursive_limit': 6, 'mass': 1, 'position': [0.0, 0.5, 0.0], 'joint_position': [0.0, 1.0, 0.0], 'joint_axis': ' 0.2753 -0.6004 -0.1346', 'connections': [3]}"
3,"{'dimensions': [1, 1, 1], 'recursive_limit': 5, 'mass': 1, 'position': [0.0, 0.5, 0.0], 'joint_position': [0.0, 1.0, 0.0], 'joint_axis': ' 0.0095  0.0028 -0.6336', 'connections': [4]}"
4,"{'dimensions': [1, 1, 1], 'recursive_limit': 4, 'mass': 1, 'position': [0.0, 0.5, 0.0], 'joint_position': [0.0, 1.0, 0.0], 'joint_axis': '-0.443  -0.6872  0.7365', 'connections': [5]}"
5,"{'dimensions': [1, 1, 1], 'recursive_limit': 3, 'mass': 1, 'position': [0.0, 0.5, 0.0], 'joint_position': [0.0, 1.0, 0.0], 'joint_axis': ' 0.2689 -0.2493  0.6316', 'connections': [6]}"
6,"{'dimensions': [1, 1, 1], 'recursive_limit': 2, 'mass': 1, 'position': [0.0, 0.5, 0.0], 'joint_position': [0.0, 1.0, 0.0], 'joint_axis': '-0.4159  0.7425  0.5708', 'connections': [7]}"
7,"{'dimensions': [1, 1, 1], 'recursive_limit': 1, 'mass': 0.9999, 'position': [0.0, 0.5, 0.0], 'joint_position': [0.0, 1.0, 0.0], 'joint_axis': '-0.7428 -0.3671 -0.8321', 'connections': []}"

0,"{'dimensions': [1, 1, 1], 'recursive_limit': 8, 'mass': 1, 'position': [0, 0, 0.5], 'joint_position': [0, 0.5, 0.5], 'joint_axis': ' 0.6683 -0.1342  0.5376', 'connections': [1]}"
1,"{'dimensions': [1, 1, 1], 'recursive_limit': 7, 'mass': 1, 'position': [0.0, 0.5, 0.0], 'joint_position': [0.0, 1.0, 0.0], 'joint_axis': '-0.6768  0.7879  0.8007', 'connections': [2]}"
2,"{'dimensions': [1, 1, 1], 'recursive_limit': 6, 'mass': 1, 'position': [0.0, 0.5, 0.0], 'joint_position': [0.0, 1.0, 0.0], 'joint_axis': '-0.5375 -0.9029  0.919 ', 'connections': [3]}"
3,"{'dimensions': [1, 1, 1], 'recursive_limit': 5, 'mass': 1, 'position': [0.0, 0.5, 0.0], 'joint_position': [0.0, 1.0, 0.0], 'joint_axis': ' 0.9176 -0.1885 -0.9586', 'connections': [4]}"
4,"{'dimensions': [1, 1, 1], 'recursive_limit': 4, 'mass': 1, 'position': [0.0, 0.5, 0.0], 'joint_position': [0.0, 1.0, 0.0], 'joint_axis': '-0.1693 -0.7166  0.9788', 'connections': [5]}"
5,"{'dimensions': [1, 1, 1], 'recursive_limit': 3, 'mass': 1, 'position': [0.0, 0.5, 0.0], 'joint_position': [0.0, 1.0, 0.0], 'joint_axis': '-0.0686 -0.2174 -0.5099', 'connections': [6]}"
6,"{'dimensions': [1, 1, 1], 'recursive_limit': 2, 'mass': 1, 'position': [0.0, 0.5, 0.0], 'joint_position': [0.0, 1.0, 0.0], 'joint_axis': '-0.4476  0.3657  0.5177', 'connections': [7]}"
7,"{'dimensions': [1, 1, 1], 'recursive_limit': 1, 'mass': 0.9998, 'position': [0.0, 0.5, 0.0], 'joint_position': [0.0, 1.0, 0.0], 'joint_axis': '-0.1195  0.6055  0.8773', 'connections': []}"

0,"{'dimensions': [1, 1, 1], 'recursive_limit': 8, 'mass': 1, 'position': [0, 0, 0.5], 'joint_position': [0, 0.5, 0.5], 'joint_axis': '-0.0966  0.9541  0.4378', 'connections': [1]}"
1,"{'dimensions': [1, 1, 1], 'recursive_limit': 7, 'mass': 1, 'position': [0.0, 0.5, 0.0], 'joint_position': [0.0, 1.0, 0.0], 'joint_axis': '-0.953  -0.093   0.4054', 'connections': [2]}"
2,"{'dimensions': [1, 1, 1], 'recursive_limit': 6, 'mass': 1, 'position': [0.0, 0.5, 0.0], 'joint_position': [0.0, 1.0, 0.0], 'joint_axis': ' 0.8654  0.4986 -0.7892', 'connections': [3]}"
3,"{'dimensions': [1, 1, 1], 'recursive_limit': 5, 'mass': 1, 'position': [0.0, 0.5, 0.0], 'joint_position': [0.0, 1.0, 0.0], 'joint_axis': ' 0.7967  0.6348 -0.4041', 'connections': [4]}"
4,"{'dimensions': [1, 1, 1], 'recursive_limit': 4, 'mass': 1, 'position': [0.0, 0.5, 0.0], 'joint_position': [0.0, 1.0, 0.0], 'joint_axis': '-0.0124 -0.6284 -0.6074', 'connections': [5]}"
5,"{'dimensions': [1, 1, 1], 'recursive_limit': 3, 'mass': 1, 'position': [0.0, 0.5, 0.0], 'joint_position': [0.0, 1.0, 0.0], 'joint_axis': ' 0.6013 -0.4253 -0.4308', 'connections': [6]}"
6,"{'dimensions': [1, 1, 1], 'recursive_limit': 2, 'mass': 1, 'position': [0.0, 0.5, 0.0], 'joint_position': [0.0, 1.0, 0.0], 'joint_axis': ' 0.0304  0.1422 -0.498 ', 'connections': [7]}"
7,"{'dimensions': [1, 1, 1], 'recursive_limit': 1, 'mass': 0.9998, 'position': [0.0, 0.5, 0.0], 'joint_position': [0.0, 1.0, 0.0], 'joint_axis': '-0.7732  0.4623  0.0354', 'connections': []}"

0,"{'dimensions': [1, 1, 1], 'recursive_limit': 8, 'mass': 1, 'position': [0, 0, 0.5], 'joint_position': [0, 0.5, 0.5], 'joint_axis': '-0.0374  0.9363  0.3605', 'connections': [1]}"
1,"{'dimensions': [1, 1, 1], 'recursive_limit': 7, 'mass': 1, 'position': [0.0, 0.5, 0.0], 'joint_position': [0.0, 1.0, 0.0], 'joint_axis': '0.3383 0.4557 0.5149', 'connections': [2]}"
2,"{'dimensions': [1, 1, 1], 'recursive_limit': 6, 'mass': 1, 'position': [0.0, 0.5, 0.0], 'joint_position': [0.0, 1.0, 0.0], 'joint_axis': ' 0.4756  0.6304 -0.1661', 'connections': [3]}"
3,"{'dimensions': [1, 1, 1], 'recursive_limit': 5, 'mass': 1, 'position': [0.0, 0.5, 0.0], 'joint_position': [0.0, 1.0, 0.0], 'joint_axis': '-0.6425  0.498   0.6262', 'connections': [4]}"
4,"{'dimensions': [1, 1, 1], 'recursive_limit': 4, 'mass': 1, 'position': [0.0, 0.5, 0.0], 'joint_position': [0.0, 1.0, 0.0], 'joint_axis': ' 0.1219 -0.9856 -0.4501', 'connections': [5]}"
5,"{'dimensions': [1, 1, 1], 'recursive_limit': 3, 'mass': 1, 'position': [0.0, 0.5, 0.0], 'joint_position': [0.0, 1.0, 0.0], 'joint_axis': '0.5696 0.5465 0.034 ', 'connections': [6]}"
6,"{'dimensions': [1, 1, 1], 'recursive_limit': 2, 'mass': 1, 'position': [0.0, 0.5, 0.0], 'joint_position': [0.0, 1.0, 0.0], 'joint_axis': '-0.1899  0.6244 -0.6043', 'connections': [7]}"
7,"{'dimensions': [1, 1, 1], 'recursive_limit': 1, 'mass': 0.9997, 'position': [0.0, 0.5, 0.0], 'joint_position': [0.0, 1.0, 0.0], 'joint_axis': '-0.5814 -0.6374 -0.9003', 'connections': []}"

0,"{'dimensions': [1, 1, 1], 'recursive_limit': 8, 'mass': 1, 'position': [0, 0, 0.5], 'joint_position': [0, 0.5, 0.5], 'joint_axis': ' 0.4665  0.8101 -0.1423', 'connections': [1]}"
1,"{'dimensions': [1, 1, 1], 'recursive_limit': 7, 'mass': 1, 'position': [0.0, 0.5, 0.0], 'joint_position': [0.0, 1.0, 0.0], 'joint_axis': '-0.7222 -0.3116  0.0795', 'connections': [2]}"
2,"{'dimensions': [1, 1, 1], 'recursive_limit': 6, 'mass': 1, 'position': [0.0, 0.5, 0.0], 'joint_position': [0.0, 1.0, 0.0], 'joint_axis': '0.376  0.9215 0.8244', 'connections': [3]}"
3,"{'dimensions': [1, 1, 1], 'recursive_limit': 5, 'mass': 1, 'position': [0.0, 0.5, 0.0], 'joint_position': [0.0, 1.0, 0.0], 'joint_axis': ' 0.8994  0.8514 -0.2335', 'connections': [4]}"
4,"{'dimensions': [1, 1, 1], 'recursive_limit': 4, 'mass': 1, 'position': [0.0, 0.5, 0.0], 'joint_position': [0.0, 1.0, 0.0], 'joint_axis': '-0.7431  0.9458 -0.3564', 'connections': [5]}"
5,"{'dimensions': [1, 1, 1], 'recursive_limit': 3, 'mass': 1, 'position': [0.0, 0.5, 0.0], 'joint_position': [0.0, 1.0, 0.0], 'joint_axis': '-0.0852  0.3357 -0.7414', 'connections': [6]}"
6,"{'dimensions': [1, 1, 1], 'recursive_limit': 2, 'mass': 1, 'position': [0.0, 0.5, 0.0], 'joint_position': [0.0, 1.0, 0.0], 'joint_axis': '-0.5398 -0.7709 -0.3957', 'connections': [7]}"
7,"{'dimensions': [1, 1, 1], 'recursive_limit': 1, 'mass': 0.9997, 'position': [0.0, 0.5, 0.0], 'joint_position': [0.0, 1.0, 0.0], 'joint_axis': '-0.6454 -0.6615  0.9076', 'connections': []}"



0,"{'dimensions': [1, 1, 1], 'recursive_limit': 8, 'mass': 1, 'position': [0, 0, 0.5], 'joint_position': [0, 0.5, 0.5], 'joint_axis': ' 0.1416  0.1754 -0.1841', 'connections': [1]}"
1,"{'dimensions': [1, 1, 1], 'recursive_limit': 7, 'mass': 1, 'position': [0.0, 0.5, 0.0], 'joint_position': [0.0, 1.0, 0.0], 'joint_axis': '-0.3886  0.9921 -0.915 ', 'connections': [2]}"
2,"{'dimensions': [1, 1, 1], 'recursive_limit': 6, 'mass': 1, 'position': [0.0, 0.5, 0.0], 'joint_position': [0.0, 1.0, 0.0], 'joint_axis': ' 0.2753 -0.6004 -0.1346', 'connections': [3]}"
3,"{'dimensions': [1, 1, 1], 'recursive_limit': 5, 'mass': 1, 'position': [0.0, 0.5, 0.0], 'joint_position': [0.0, 1.0, 0.0], 'joint_axis': ' 0.0095  0.0028 -0.6336', 'connections': [4]}"
4,"{'dimensions': [1, 1, 1], 'recursive_limit': 4, 'mass': 1, 'position': [0.0, 0.5, 0.0], 'joint_position': [0.0, 1.0, 0.0], 'joint_axis': '-0.443  -0.6872  0.7365', 'connections': [5]}"
5,"{'dimensions': [1, 1, 1], 'recursive_limit': 3, 'mass': 1, 'position': [0.0, 0.5, 0.0], 'joint_position': [0.0, 1.0, 0.0], 'joint_axis': ' 0.2689 -0.2493  0.6316', 'connections': [6]}"
6,"{'dimensions': [1, 1, 1], 'recursive_limit': 2, 'mass': 1, 'position': [0.0, 0.5, 0.0], 'joint_position': [0.0, 1.0, 0.0], 'joint_axis': '-0.4159  0.7425  0.5708', 'connections': [7]}"
7,"{'dimensions': [1, 1, 1], 'recursive_limit': 1, 'mass': 0.9999, 'position': [0.0, 0.5, 0.0], 'joint_position': [0.0, 1.0, 0.0], 'joint_axis': '-0.7428 -0.3671 -0.8321', 'connections': []}"

0,"{'dimensions': [1, 1, 1], 'recursive_limit': 8, 'mass': 1, 'position': [0, 0, 0.5], 'joint_position': [0, 0.5, 0.5], 'joint_axis': ' 0.6683 -0.1342  0.5376', 'connections': [1]}"
1,"{'dimensions': [1, 1, 1], 'recursive_limit': 7, 'mass': 1, 'position': [0.0, 0.5, 0.0], 'joint_position': [0.0, 1.0, 0.0], 'joint_axis': '-0.6768  0.7879  0.8007', 'connections': [2]}"
2,"{'dimensions': [1, 1, 1], 'recursive_limit': 6, 'mass': 1, 'position': [0.0, 0.5, 0.0], 'joint_position': [0.0, 1.0, 0.0], 'joint_axis': '-0.5375 -0.9029  0.919 ', 'connections': [3]}"
3,"{'dimensions': [1, 1, 1], 'recursive_limit': 5, 'mass': 1, 'position': [0.0, 0.5, 0.0], 'joint_position': [0.0, 1.0, 0.0], 'joint_axis': ' 0.9176 -0.1885 -0.9586', 'connections': [4]}"
4,"{'dimensions': [1, 1, 1], 'recursive_limit': 4, 'mass': 1, 'position': [0.0, 0.5, 0.0], 'joint_position': [0.0, 1.0, 0.0], 'joint_axis': '-0.1693 -0.7166  0.9788', 'connections': [5]}"
5,"{'dimensions': [1, 1, 1], 'recursive_limit': 3, 'mass': 1, 'position': [0.0, 0.5, 0.0], 'joint_position': [0.0, 1.0, 0.0], 'joint_axis': '-0.0686 -0.2174 -0.5099', 'connections': [6]}"
6,"{'dimensions': [1, 1, 1], 'recursive_limit': 2, 'mass': 1, 'position': [0.0, 0.5, 0.0], 'joint_position': [0.0, 1.0, 0.0], 'joint_axis': '-0.4476  0.3657  0.5177', 'connections': [7]}"
7,"{'dimensions': [1, 1, 1], 'recursive_limit': 1, 'mass': 0.9998, 'position': [0.0, 0.5, 0.0], 'joint_position': [0.0, 1.0, 0.0], 'joint_axis': '-0.1195  0.6055  0.8773', 'connections': []}"

0,"{'dimensions': [1, 1, 1], 'recursive_limit': 8, 'mass': 1, 'position': [0, 0, 0.5], 'joint_position': [0, 0.5, 0.5], 'joint_axis': '-0.0966  0.9541  0.4378', 'connections': [1]}"
1,"{'dimensions': [1, 1, 1], 'recursive_limit': 7, 'mass': 1, 'position': [0.0, 0.5, 0.0], 'joint_position': [0.0, 1.0, 0.0], 'joint_axis': '-0.953  -0.093   0.4054', 'connections': [2]}"
2,"{'dimensions': [1, 1, 1], 'recursive_limit': 6, 'mass': 1, 'position': [0.0, 0.5, 0.0], 'joint_position': [0.0, 1.0, 0.0], 'joint_axis': ' 0.8654  0.4986 -0.7892', 'connections': [3]}"
3,"{'dimensions': [1, 1, 1], 'recursive_limit': 5, 'mass': 1, 'position': [0.0, 0.5, 0.0], 'joint_position': [0.0, 1.0, 0.0], 'joint_axis': ' 0.7967  0.6348 -0.4041', 'connections': [4]}"
4,"{'dimensions': [1, 1, 1], 'recursive_limit': 4, 'mass': 1, 'position': [0.0, 0.5, 0.0], 'joint_position': [0.0, 1.0, 0.0], 'joint_axis': '-0.0124 -0.6284 -0.6074', 'connections': [5]}"
5,"{'dimensions': [1, 1, 1], 'recursive_limit': 3, 'mass': 1, 'position': [0.0, 0.5, 0.0], 'joint_position': [0.0, 1.0, 0.0], 'joint_axis': ' 0.6013 -0.4253 -0.4308', 'connections': [6]}"
6,"{'dimensions': [1, 1, 1], 'recursive_limit': 2, 'mass': 1, 'position': [0.0, 0.5, 0.0], 'joint_position': [0.0, 1.0, 0.0], 'joint_axis': ' 0.0304  0.1422 -0.498 ', 'connections': [7]}"
7,"{'dimensions': [1, 1, 1], 'recursive_limit': 1, 'mass': 0.9998, 'position': [0.0, 0.5, 0.0], 'joint_position': [0.0, 1.0, 0.0], 'joint_axis': '-0.7732  0.4623  0.0354', 'connections': []}"

0,"{'dimensions': [1, 1, 1], 'recursive_limit': 8, 'mass': 1, 'position': [0, 0, 0.5], 'joint_position': [0, 0.5, 0.5], 'joint_axis': '-0.0374  0.9363  0.3605', 'connections': [1]}"
1,"{'dimensions': [1, 1, 1], 'recursive_limit': 7, 'mass': 1, 'position': [0.0, 0.5, 0.0], 'joint_position': [0.0, 1.0, 0.0], 'joint_axis': '0.3383 0.4557 0.5149', 'connections': [2]}"
2,"{'dimensions': [1, 1, 1], 'recursive_limit': 6, 'mass': 1, 'position': [0.0, 0.5, 0.0], 'joint_position': [0.0, 1.0, 0.0], 'joint_axis': ' 0.4756  0.6304 -0.1661', 'connections': [3]}"
3,"{'dimensions': [1, 1, 1], 'recursive_limit': 5, 'mass': 1, 'position': [0.0, 0.5, 0.0], 'joint_position': [0.0, 1.0, 0.0], 'joint_axis': '-0.6425  0.498   0.6262', 'connections': [4]}"
4,"{'dimensions': [1, 1, 1], 'recursive_limit': 4, 'mass': 1, 'position': [0.0, 0.5, 0.0], 'joint_position': [0.0, 1.0, 0.0], 'joint_axis': ' 0.1219 -0.9856 -0.4501', 'connections': [5]}"
5,"{'dimensions': [1, 1, 1], 'recursive_limit': 3, 'mass': 1, 'position': [0.0, 0.5, 0.0], 'joint_position': [0.0, 1.0, 0.0], 'joint_axis': '0.5696 0.5465 0.034 ', 'connections': [6]}"
6,"{'dimensions': [1, 1, 1], 'recursive_limit': 2, 'mass': 1, 'position': [0.0, 0.5, 0.0], 'joint_position': [0.0, 1.0, 0.0], 'joint_axis': '-0.1899  0.6244 -0.6043', 'connections': [7]}"
7,"{'dimensions': [1, 1, 1], 'recursive_limit': 1, 'mass': 0.9996, 'position': [0.0, 0.5, 0.0], 'joint_position': [0.0, 1.0, 0.0], 'joint_axis': '-0.5814 -0.6374 -0.9003', 'connections': []}"

0,"{'dimensions': [1, 1, 1], 'recursive_limit': 8, 'mass': 1, 'position': [0, 0, 0.5], 'joint_position': [0, 0.5, 0.5], 'joint_axis': ' 0.4665  0.8101 -0.1423', 'connections': [1]}"
1,"{'dimensions': [1, 1, 1], 'recursive_limit': 7, 'mass': 1, 'position': [0.0, 0.5, 0.0], 'joint_position': [0.0, 1.0, 0.0], 'joint_axis': '-0.7222 -0.3116  0.0795', 'connections': [2]}"
2,"{'dimensions': [1, 1, 1], 'recursive_limit': 6, 'mass': 1, 'position': [0.0, 0.5, 0.0], 'joint_position': [0.0, 1.0, 0.0], 'joint_axis': '0.376  0.9215 0.8244', 'connections': [3]}"
3,"{'dimensions': [1, 1, 1], 'recursive_limit': 5, 'mass': 1, 'position': [0.0, 0.5, 0.0], 'joint_position': [0.0, 1.0, 0.0], 'joint_axis': ' 0.8994  0.8514 -0.2335', 'connections': [4]}"
4,"{'dimensions': [1, 1, 1], 'recursive_limit': 4, 'mass': 1, 'position': [0.0, 0.5, 0.0], 'joint_position': [0.0, 1.0, 0.0], 'joint_axis': '-0.7431  0.9458 -0.3564', 'connections': [5]}"
5,"{'dimensions': [1, 1, 1], 'recursive_limit': 3, 'mass': 1, 'position': [0.0, 0.5, 0.0], 'joint_position': [0.0, 1.0, 0.0], 'joint_axis': '-0.0852  0.3357 -0.7414', 'connections': [6]}"
6,"{'dimensions': [1, 1, 1], 'recursive_limit': 2, 'mass': 1, 'position': [0.0, 0.5, 0.0], 'joint_position': [0.0, 1.0, 0.0], 'joint_axis': '-0.5398 -0.7709 -0.3957', 'connections': [7]}"
7,"{'dimensions': [1, 1, 1], 'recursive_limit': 1, 'mass': 0.9997, 'position': [0.0, 0.5, 0.0], 'joint_position': [0.0, 1.0, 0.0], 'joint_axis': '-0.6454 -0.6615  0.9076', 'connections': []}"



0,"{'dimensions': [1, 1, 1], 'recursive_limit': 8, 'mass': 1, 'position': [0, 0, 0.5], 'joint_position': [0, 0.5, 0.5], 'joint_axis': ' 0.1416  0.1754 -0.1841', 'connections': [1]}"
1,"{'dimensions': [1, 1, 1], 'recursive_limit': 7, 'mass': 1, 'position': [0.0, 0.5, 0.0], 'joint_position': [0.0, 1.0, 0.0], 'joint_axis': '-0.3886  0.9921 -0.915 ', 'connections': [2]}"
2,"{'dimensions': [1, 1, 1], 'recursive_limit': 6, 'mass': 1, 'position': [0.0, 0.5, 0.0], 'joint_position': [0.0, 1.0, 0.0], 'joint_axis': ' 0.2753 -0.6004 -0.1346', 'connections': [3]}"
3,"{'dimensions': [1, 1, 1], 'recursive_limit': 5, 'mass': 1, 'position': [0.0, 0.5, 0.0], 'joint_position': [0.0, 1.0, 0.0], 'joint_axis': ' 0.0095  0.0028 -0.6336', 'connections': [4]}"
4,"{'dimensions': [1, 1, 1], 'recursive_limit': 4, 'mass': 1, 'position': [0.0, 0.5, 0.0], 'joint_position': [0.0, 1.0, 0.0], 'joint_axis': '-0.443  -0.6872  0.7365', 'connections': [5]}"
5,"{'dimensions': [1, 1, 1], 'recursive_limit': 3, 'mass': 1, 'position': [0.0, 0.5, 0.0], 'joint_position': [0.0, 1.0, 0.0], 'joint_axis': ' 0.2689 -0.2493  0.6316', 'connections': [6]}"
6,"{'dimensions': [1, 1, 1], 'recursive_limit': 2, 'mass': 1, 'position': [0.0, 0.5, 0.0], 'joint_position': [0.0, 1.0, 0.0], 'joint_axis': '-0.4159  0.7425  0.5708', 'connections': [7]}"
7,"{'dimensions': [1, 1, 1], 'recursive_limit': 1, 'mass': 0.9999, 'position': [0.0, 0.5, 0.0], 'joint_position': [0.0, 1.0, 0.0], 'joint_axis': '-0.7428 -0.3671 -0.8321', 'connections': []}"

0,"{'dimensions': [1, 1, 1], 'recursive_limit': 8, 'mass': 1, 'position': [0, 0, 0.5], 'joint_position': [0, 0.5, 0.5], 'joint_axis': ' 0.6683 -0.1342  0.5376', 'connections': [1]}"
1,"{'dimensions': [1, 1, 1], 'recursive_limit': 7, 'mass': 1, 'position': [0.0, 0.5, 0.0], 'joint_position': [0.0, 1.0, 0.0], 'joint_axis': '-0.6768  0.7879  0.8007', 'connections': [2]}"
2,"{'dimensions': [1, 1, 1], 'recursive_limit': 6, 'mass': 1, 'position': [0.0, 0.5, 0.0], 'joint_position': [0.0, 1.0, 0.0], 'joint_axis': '-0.5375 -0.9029  0.919 ', 'connections': [3]}"
3,"{'dimensions': [1, 1, 1], 'recursive_limit': 5, 'mass': 1, 'position': [0.0, 0.5, 0.0], 'joint_position': [0.0, 1.0, 0.0], 'joint_axis': ' 0.9176 -0.1885 -0.9586', 'connections': [4]}"
4,"{'dimensions': [1, 1, 1], 'recursive_limit': 4, 'mass': 1, 'position': [0.0, 0.5, 0.0], 'joint_position': [0.0, 1.0, 0.0], 'joint_axis': '-0.1693 -0.7166  0.9788', 'connections': [5]}"
5,"{'dimensions': [1, 1, 1], 'recursive_limit': 3, 'mass': 1, 'position': [0.0, 0.5, 0.0], 'joint_position': [0.0, 1.0, 0.0], 'joint_axis': '-0.0686 -0.2174 -0.5099', 'connections': [6]}"
6,"{'dimensions': [1, 1, 1], 'recursive_limit': 2, 'mass': 1, 'position': [0.0, 0.5, 0.0], 'joint_position': [0.0, 1.0, 0.0], 'joint_axis': '-0.4476  0.3657  0.5177', 'connections': [7]}"
7,"{'dimensions': [1, 1, 1], 'recursive_limit': 1, 'mass': 0.9998, 'position': [0.0, 0.5, 0.0], 'joint_position': [0.0, 1.0, 0.0], 'joint_axis': '-0.1195  0.6055  0.8773', 'connections': []}"

0,"{'dimensions': [1, 1, 1], 'recursive_limit': 8, 'mass': 1, 'position': [0, 0, 0.5], 'joint_position': [0, 0.5, 0.5], 'joint_axis': '-0.0966  0.9541  0.4378', 'connections': [1]}"
1,"{'dimensions': [1, 1, 1], 'recursive_limit': 7, 'mass': 1, 'position': [0.0, 0.5, 0.0], 'joint_position': [0.0, 1.0, 0.0], 'joint_axis': '-0.953  -0.093   0.4054', 'connections': [2]}"
2,"{'dimensions': [1, 1, 1], 'recursive_limit': 6, 'mass': 1, 'position': [0.0, 0.5, 0.0], 'joint_position': [0.0, 1.0, 0.0], 'joint_axis': ' 0.8654  0.4986 -0.7892', 'connections': [3]}"
3,"{'dimensions': [1, 1, 1], 'recursive_limit': 5, 'mass': 1, 'position': [0.0, 0.5, 0.0], 'joint_position': [0.0, 1.0, 0.0], 'joint_axis': ' 0.7967  0.6348 -0.4041', 'connections': [4]}"
4,"{'dimensions': [1, 1, 1], 'recursive_limit': 4, 'mass': 1, 'position': [0.0, 0.5, 0.0], 'joint_position': [0.0, 1.0, 0.0], 'joint_axis': '-0.0124 -0.6284 -0.6074', 'connections': [5]}"
5,"{'dimensions': [1, 1, 1], 'recursive_limit': 3, 'mass': 1, 'position': [0.0, 0.5, 0.0], 'joint_position': [0.0, 1.0, 0.0], 'joint_axis': ' 0.6013 -0.4253 -0.4308', 'connections': [6]}"
6,"{'dimensions': [1, 1, 1], 'recursive_limit': 2, 'mass': 1, 'position': [0.0, 0.5, 0.0], 'joint_position': [0.0, 1.0, 0.0], 'joint_axis': ' 0.0304  0.1422 -0.498 ', 'connections': [7]}"
7,"{'dimensions': [1, 1, 1], 'recursive_limit': 1, 'mass': 0.9997, 'position': [0.0, 0.5, 0.0], 'joint_position': [0.0, 1.0, 0.0], 'joint_axis': '-0.7732  0.4623  0.0354', 'connections': []}"

0,"{'dimensions': [1, 1, 1], 'recursive_limit': 8, 'mass': 1, 'position': [0, 0, 0.5], 'joint_position': [0, 0.5, 0.5], 'joint_axis': '-0.0374  0.9363  0.3605', 'connections': [1]}"
1,"{'dimensions': [1, 1, 1], 'recursive_limit': 7, 'mass': 1, 'position': [0.0, 0.5, 0.0], 'joint_position': [0.0, 1.0, 0.0], 'joint_axis': '0.3383 0.4557 0.5149', 'connections': [2]}"
2,"{'dimensions': [1, 1, 1], 'recursive_limit': 6, 'mass': 1, 'position': [0.0, 0.5, 0.0], 'joint_position': [0.0, 1.0, 0.0], 'joint_axis': ' 0.4756  0.6304 -0.1661', 'connections': [3]}"
3,"{'dimensions': [1, 1, 1], 'recursive_limit': 5, 'mass': 1, 'position': [0.0, 0.5, 0.0], 'joint_position': [0.0, 1.0, 0.0], 'joint_axis': '-0.6425  0.498   0.6262', 'connections': [4]}"
4,"{'dimensions': [1, 1, 1], 'recursive_limit': 4, 'mass': 1, 'position': [0.0, 0.5, 0.0], 'joint_position': [0.0, 1.0, 0.0], 'joint_axis': ' 0.1219 -0.9856 -0.4501', 'connections': [5]}"
5,"{'dimensions': [1, 1, 1], 'recursive_limit': 3, 'mass': 1, 'position': [0.0, 0.5, 0.0], 'joint_position': [0.0, 1.0, 0.0], 'joint_axis': '0.5696 0.5465 0.034 ', 'connections': [6]}"
6,"{'dimensions': [1, 1, 1], 'recursive_limit': 2, 'mass': 1, 'position': [0.0, 0.5, 0.0], 'joint_position': [0.0, 1.0, 0.0], 'joint_axis': '-0.1899  0.6244 -0.6043', 'connections': [7]}"
7,"{'dimensions': [1, 1, 1], 'recursive_limit': 1, 'mass': 0.9996, 'position': [0.0, 0.5, 0.0], 'joint_position': [0.0, 1.0, 0.0], 'joint_axis': '-0.5814 -0.6374 -0.9003', 'connections': []}"

0,"{'dimensions': [1, 1, 1], 'recursive_limit': 8, 'mass': 1, 'position': [0, 0, 0.5], 'joint_position': [0, 0.5, 0.5], 'joint_axis': ' 0.4665  0.8101 -0.1423', 'connections': [1]}"
1,"{'dimensions': [1, 1, 1], 'recursive_limit': 7, 'mass': 1, 'position': [0.0, 0.5, 0.0], 'joint_position': [0.0, 1.0, 0.0], 'joint_axis': '-0.7222 -0.3116  0.0795', 'connections': [2]}"
2,"{'dimensions': [1, 1, 1], 'recursive_limit': 6, 'mass': 1, 'position': [0.0, 0.5, 0.0], 'joint_position': [0.0, 1.0, 0.0], 'joint_axis': '0.376  0.9215 0.8244', 'connections': [3]}"
3,"{'dimensions': [1, 1, 1], 'recursive_limit': 5, 'mass': 1, 'position': [0.0, 0.5, 0.0], 'joint_position': [0.0, 1.0, 0.0], 'joint_axis': ' 0.8994  0.8514 -0.2335', 'connections': [4]}"
4,"{'dimensions': [1, 1, 1], 'recursive_limit': 4, 'mass': 1, 'position': [0.0, 0.5, 0.0], 'joint_position': [0.0, 1.0, 0.0], 'joint_axis': '-0.7431  0.9458 -0.3564', 'connections': [5]}"
5,"{'dimensions': [1, 1, 1], 'recursive_limit': 3, 'mass': 1, 'position': [0.0, 0.5, 0.0], 'joint_position': [0.0, 1.0, 0.0], 'joint_axis': '-0.0852  0.3357 -0.7414', 'connections': [6]}"
6,"{'dimensions': [1, 1, 1], 'recursive_limit': 2, 'mass': 1, 'position': [0.0, 0.5, 0.0], 'joint_position': [0.0, 1.0, 0.0], 'joint_axis': '-0.5398 -0.7709 -0.3957', 'connections': [7]}"
7,"{'dimensions': [1, 1, 1], 'recursive_limit': 1, 'mass': 0.9997, 'position': [0.0, 0.5, 0.0], 'joint_position': [0.0, 1.0, 0.0], 'joint_axis': '-0.6454 -0.6615  0.9076', 'connections': []}"



0,"{'dimensions': [1, 1, 1], 'recursive_limit': 8, 'mass': 1, 'position': [0, 0, 0.5], 'joint_position': [0, 0.5, 0.5], 'joint_axis': ' 0.1416  0.1754 -0.1841', 'connections': [1]}"
1,"{'dimensions': [1, 1, 1], 'recursive_limit': 7, 'mass': 1, 'position': [0.0, 0.5, 0.0], 'joint_position': [0.0, 1.0, 0.0], 'joint_axis': '-0.3886  0.9921 -0.915 ', 'connections': [2]}"
2,"{'dimensions': [1, 1, 1], 'recursive_limit': 6, 'mass': 1, 'position': [0.0, 0.5, 0.0], 'joint_position': [0.0, 1.0, 0.0], 'joint_axis': ' 0.2753 -0.6004 -0.1346', 'connections': [3]}"
3,"{'dimensions': [1, 1, 1], 'recursive_limit': 5, 'mass': 1, 'position': [0.0, 0.5, 0.0], 'joint_position': [0.0, 1.0, 0.0], 'joint_axis': ' 0.0095  0.0028 -0.6336', 'connections': [4]}"
4,"{'dimensions': [1, 1, 1], 'recursive_limit': 4, 'mass': 1, 'position': [0.0, 0.5, 0.0], 'joint_position': [0.0, 1.0, 0.0], 'joint_axis': '-0.443  -0.6872  0.7365', 'connections': [5]}"
5,"{'dimensions': [1, 1, 1], 'recursive_limit': 3, 'mass': 1, 'position': [0.0, 0.5, 0.0], 'joint_position': [0.0, 1.0, 0.0], 'joint_axis': ' 0.2689 -0.2493  0.6316', 'connections': [6]}"
6,"{'dimensions': [1, 1, 1], 'recursive_limit': 2, 'mass': 1, 'position': [0.0, 0.5, 0.0], 'joint_position': [0.0, 1.0, 0.0], 'joint_axis': '-0.4159  0.7425  0.5708', 'connections': [7]}"
7,"{'dimensions': [1, 1, 1], 'recursive_limit': 1, 'mass': 0.9999, 'position': [0.0, 0.5, 0.0], 'joint_position': [0.0, 1.0, 0.0], 'joint_axis': '-0.7428 -0.3671 -0.8321', 'connections': []}"

0,"{'dimensions': [1, 1, 1], 'recursive_limit': 8, 'mass': 1, 'position': [0, 0, 0.5], 'joint_position': [0, 0.5, 0.5], 'joint_axis': ' 0.6683 -0.1342  0.5376', 'connections': [1]}"
1,"{'dimensions': [1, 1, 1], 'recursive_limit': 7, 'mass': 1, 'position': [0.0, 0.5, 0.0], 'joint_position': [0.0, 1.0, 0.0], 'joint_axis': '-0.6768  0.7879  0.8007', 'connections': [2]}"
2,"{'dimensions': [1, 1, 1], 'recursive_limit': 6, 'mass': 1, 'position': [0.0, 0.5, 0.0], 'joint_position': [0.0, 1.0, 0.0], 'joint_axis': '-0.5375 -0.9029  0.919 ', 'connections': [3]}"
3,"{'dimensions': [1, 1, 1], 'recursive_limit': 5, 'mass': 1, 'position': [0.0, 0.5, 0.0], 'joint_position': [0.0, 1.0, 0.0], 'joint_axis': ' 0.9176 -0.1885 -0.9586', 'connections': [4]}"
4,"{'dimensions': [1, 1, 1], 'recursive_limit': 4, 'mass': 1, 'position': [0.0, 0.5, 0.0], 'joint_position': [0.0, 1.0, 0.0], 'joint_axis': '-0.1693 -0.7166  0.9788', 'connections': [5]}"
5,"{'dimensions': [1, 1, 1], 'recursive_limit': 3, 'mass': 1, 'position': [0.0, 0.5, 0.0], 'joint_position': [0.0, 1.0, 0.0], 'joint_axis': '-0.0686 -0.2174 -0.5099', 'connections': [6]}"
6,"{'dimensions': [1, 1, 1], 'recursive_limit': 2, 'mass': 1, 'position': [0.0, 0.5, 0.0], 'joint_position': [0.0, 1.0, 0.0], 'joint_axis': '-0.4476  0.3657  0.5177', 'connections': [7]}"
7,"{'dimensions': [1, 1, 1], 'recursive_limit': 1, 'mass': 0.9998, 'position': [0.0, 0.5, 0.0], 'joint_position': [0.0, 1.0, 0.0], 'joint_axis': '-0.1195  0.6055  0.8773', 'connections': []}"

0,"{'dimensions': [1, 1, 1], 'recursive_limit': 8, 'mass': 1, 'position': [0, 0, 0.5], 'joint_position': [0, 0.5, 0.5], 'joint_axis': '-0.0966  0.9541  0.4378', 'connections': [1]}"
1,"{'dimensions': [1, 1, 1], 'recursive_limit': 7, 'mass': 1, 'position': [0.0, 0.5, 0.0], 'joint_position': [0.0, 1.0, 0.0], 'joint_axis': '-0.953  -0.093   0.4054', 'connections': [2]}"
2,"{'dimensions': [1, 1, 1], 'recursive_limit': 6, 'mass': 1, 'position': [0.0, 0.5, 0.0], 'joint_position': [0.0, 1.0, 0.0], 'joint_axis': ' 0.8654  0.4986 -0.7892', 'connections': [3]}"
3,"{'dimensions': [1, 1, 1], 'recursive_limit': 5, 'mass': 1, 'position': [0.0, 0.5, 0.0], 'joint_position': [0.0, 1.0, 0.0], 'joint_axis': ' 0.7967  0.6348 -0.4041', 'connections': [4]}"
4,"{'dimensions': [1, 1, 1], 'recursive_limit': 4, 'mass': 1, 'position': [0.0, 0.5, 0.0], 'joint_position': [0.0, 1.0, 0.0], 'joint_axis': '-0.0124 -0.6284 -0.6074', 'connections': [5]}"
5,"{'dimensions': [1, 1, 1], 'recursive_limit': 3, 'mass': 1, 'position': [0.0, 0.5, 0.0], 'joint_position': [0.0, 1.0, 0.0], 'joint_axis': ' 0.6013 -0.4253 -0.4308', 'connections': [6]}"
6,"{'dimensions': [1, 1, 1], 'recursive_limit': 2, 'mass': 1, 'position': [0.0, 0.5, 0.0], 'joint_position': [0.0, 1.0, 0.0], 'joint_axis': ' 0.0304  0.1422 -0.498 ', 'connections': [7]}"
7,"{'dimensions': [1, 1, 1], 'recursive_limit': 1, 'mass': 0.9996, 'position': [0.0, 0.5, 0.0], 'joint_position': [0.0, 1.0, 0.0], 'joint_axis': '-0.7732  0.4623  0.0354', 'connections': []}"

0,"{'dimensions': [1, 1, 1], 'recursive_limit': 8, 'mass': 1, 'position': [0, 0, 0.5], 'joint_position': [0, 0.5, 0.5], 'joint_axis': '-0.0374  0.9363  0.3605', 'connections': [1]}"
1,"{'dimensions': [1, 1, 1], 'recursive_limit': 7, 'mass': 1, 'position': [0.0, 0.5, 0.0], 'joint_position': [0.0, 1.0, 0.0], 'joint_axis': '0.3383 0.4557 0.5149', 'connections': [2]}"
2,"{'dimensions': [1, 1, 1], 'recursive_limit': 6, 'mass': 1, 'position': [0.0, 0.5, 0.0], 'joint_position': [0.0, 1.0, 0.0], 'joint_axis': ' 0.4756  0.6304 -0.1661', 'connections': [3]}"
3,"{'dimensions': [1, 1, 1], 'recursive_limit': 5, 'mass': 1, 'position': [0.0, 0.5, 0.0], 'joint_position': [0.0, 1.0, 0.0], 'joint_axis': '-0.6425  0.498   0.6262', 'connections': [4]}"
4,"{'dimensions': [1, 1, 1], 'recursive_limit': 4, 'mass': 1, 'position': [0.0, 0.5, 0.0], 'joint_position': [0.0, 1.0, 0.0], 'joint_axis': ' 0.1219 -0.9856 -0.4501', 'connections': [5]}"
5,"{'dimensions': [1, 1, 1], 'recursive_limit': 3, 'mass': 1, 'position': [0.0, 0.5, 0.0], 'joint_position': [0.0, 1.0, 0.0], 'joint_axis': '0.5696 0.5465 0.034 ', 'connections': [6]}"
6,"{'dimensions': [1, 1, 1], 'recursive_limit': 2, 'mass': 1, 'position': [0.0, 0.5, 0.0], 'joint_position': [0.0, 1.0, 0.0], 'joint_axis': '-0.1899  0.6244 -0.6043', 'connections': [7]}"
7,"{'dimensions': [1, 1, 1], 'recursive_limit': 1, 'mass': 0.9996, 'position': [0.0, 0.5, 0.0], 'joint_position': [0.0, 1.0, 0.0], 'joint_axis': '-0.5814 -0.6374 -0.9003', 'connections': []}"

0,"{'dimensions': [1, 1, 1], 'recursive_limit': 8, 'mass': 1, 'position': [0, 0, 0.5], 'joint_position': [0, 0.5, 0.5], 'joint_axis': ' 0.4665  0.8101 -0.1423', 'connections': [1]}"
1,"{'dimensions': [1, 1, 1], 'recursive_limit': 7, 'mass': 1, 'position': [0.0, 0.5, 0.0], 'joint_position': [0.0, 1.0, 0.0], 'joint_axis': '-0.7222 -0.3116  0.0795', 'connections': [2]}"
2,"{'dimensions': [1, 1, 1], 'recursive_limit': 6, 'mass': 1, 'position': [0.0, 0.5, 0.0], 'joint_position': [0.0, 1.0, 0.0], 'joint_axis': '0.376  0.9215 0.8244', 'connections': [3]}"
3,"{'dimensions': [1, 1, 1], 'recursive_limit': 5, 'mass': 1, 'position': [0.0, 0.5, 0.0], 'joint_position': [0.0, 1.0, 0.0], 'joint_axis': ' 0.8994  0.8514 -0.2335', 'connections': [4]}"
4,"{'dimensions': [1, 1, 1], 'recursive_limit': 4, 'mass': 1, 'position': [0.0, 0.5, 0.0], 'joint_position': [0.0, 1.0, 0.0], 'joint_axis': '-0.7431  0.9458 -0.3564', 'connections': [5]}"
5,"{'dimensions': [1, 1, 1], 'recursive_limit': 3, 'mass': 1, 'position': [0.0, 0.5, 0.0], 'joint_position': [0.0, 1.0, 0.0], 'joint_axis': '-0.0852  0.3357 -0.7414', 'connections': [6]}"
6,"{'dimensions': [1, 1, 1], 'recursive_limit': 2, 'mass': 1, 'position': [0.0, 0.5, 0.0], 'joint_position': [0.0, 1.0, 0.0], 'joint_axis': '-0.5398 -0.7709 -0.3957', 'connections': [7]}"
7,"{'dimensions': [1, 1, 1], 'recursive_limit': 1, 'mass': 0.9996, 'position': [0.0, 0.5, 0.0], 'joint_position': [0.0, 1.0, 0.0], 'joint_axis': '-0.6454 -0.6615  0.9076', 'connections': []}"



0,"{'dimensions': [1, 1, 1], 'recursive_limit': 8, 'mass': 1, 'position': [0, 0, 0.5], 'joint_position': [0, 0.5, 0.5], 'joint_axis': ' 0.1416  0.1754 -0.1841', 'connections': [1]}"
1,"{'dimensions': [1, 1, 1], 'recursive_limit': 7, 'mass': 1, 'position': [0.0, 0.5, 0.0], 'joint_position': [0.0, 1.0, 0.0], 'joint_axis': '-0.3886  0.9921 -0.915 ', 'connections': [2]}"
2,"{'dimensions': [1, 1, 1], 'recursive_limit': 6, 'mass': 1, 'position': [0.0, 0.5, 0.0], 'joint_position': [0.0, 1.0, 0.0], 'joint_axis': ' 0.2753 -0.6004 -0.1346', 'connections': [3]}"
3,"{'dimensions': [1, 1, 1], 'recursive_limit': 5, 'mass': 1, 'position': [0.0, 0.5, 0.0], 'joint_position': [0.0, 1.0, 0.0], 'joint_axis': ' 0.0095  0.0028 -0.6336', 'connections': [4]}"
4,"{'dimensions': [1, 1, 1], 'recursive_limit': 4, 'mass': 1, 'position': [0.0, 0.5, 0.0], 'joint_position': [0.0, 1.0, 0.0], 'joint_axis': '-0.443  -0.6872  0.7365', 'connections': [5]}"
5,"{'dimensions': [1, 1, 1], 'recursive_limit': 3, 'mass': 1, 'position': [0.0, 0.5, 0.0], 'joint_position': [0.0, 1.0, 0.0], 'joint_axis': ' 0.2689 -0.2493  0.6316', 'connections': [6]}"
6,"{'dimensions': [1, 1, 1], 'recursive_limit': 2, 'mass': 1, 'position': [0.0, 0.5, 0.0], 'joint_position': [0.0, 1.0, 0.0], 'joint_axis': '-0.4159  0.7425  0.5708', 'connections': [7]}"
7,"{'dimensions': [1, 1, 1], 'recursive_limit': 1, 'mass': 0.9999, 'position': [0.0, 0.5, 0.0], 'joint_position': [0.0, 1.0, 0.0], 'joint_axis': '-0.7428 -0.3671 -0.8321', 'connections': []}"

0,"{'dimensions': [1, 1, 1], 'recursive_limit': 8, 'mass': 1, 'position': [0, 0, 0.5], 'joint_position': [0, 0.5, 0.5], 'joint_axis': ' 0.6683 -0.1342  0.5376', 'connections': [1]}"
1,"{'dimensions': [1, 1, 1], 'recursive_limit': 7, 'mass': 1, 'position': [0.0, 0.5, 0.0], 'joint_position': [0.0, 1.0, 0.0], 'joint_axis': '-0.6768  0.7879  0.8007', 'connections': [2]}"
2,"{'dimensions': [1, 1, 1], 'recursive_limit': 6, 'mass': 1, 'position': [0.0, 0.5, 0.0], 'joint_position': [0.0, 1.0, 0.0], 'joint_axis': '-0.5375 -0.9029  0.919 ', 'connections': [3]}"
3,"{'dimensions': [1, 1, 1], 'recursive_limit': 5, 'mass': 1, 'position': [0.0, 0.5, 0.0], 'joint_position': [0.0, 1.0, 0.0], 'joint_axis': ' 0.9176 -0.1885 -0.9586', 'connections': [4]}"
4,"{'dimensions': [1, 1, 1], 'recursive_limit': 4, 'mass': 1, 'position': [0.0, 0.5, 0.0], 'joint_position': [0.0, 1.0, 0.0], 'joint_axis': '-0.1693 -0.7166  0.9788', 'connections': [5]}"
5,"{'dimensions': [1, 1, 1], 'recursive_limit': 3, 'mass': 1, 'position': [0.0, 0.5, 0.0], 'joint_position': [0.0, 1.0, 0.0], 'joint_axis': '-0.0686 -0.2174 -0.5099', 'connections': [6]}"
6,"{'dimensions': [1, 1, 1], 'recursive_limit': 2, 'mass': 1, 'position': [0.0, 0.5, 0.0], 'joint_position': [0.0, 1.0, 0.0], 'joint_axis': '-0.4476  0.3657  0.5177', 'connections': [7]}"
7,"{'dimensions': [1, 1, 1], 'recursive_limit': 1, 'mass': 0.9998, 'position': [0.0, 0.5, 0.0], 'joint_position': [0.0, 1.0, 0.0], 'joint_axis': '-0.1195  0.6055  0.8773', 'connections': []}"

0,"{'dimensions': [1, 1, 1], 'recursive_limit': 8, 'mass': 1, 'position': [0, 0, 0.5], 'joint_position': [0, 0.5, 0.5], 'joint_axis': '-0.0966  0.9541  0.4378', 'connections': [1]}"
1,"{'dimensions': [1, 1, 1], 'recursive_limit': 7, 'mass': 1, 'position': [0.0, 0.5, 0.0], 'joint_position': [0.0, 1.0, 0.0], 'joint_axis': '-0.953  -0.093   0.4054', 'connections': [2]}"
2,"{'dimensions': [1, 1, 1], 'recursive_limit': 6, 'mass': 1, 'position': [0.0, 0.5, 0.0], 'joint_position': [0.0, 1.0, 0.0], 'joint_axis': ' 0.8654  0.4986 -0.7892', 'connections': [3]}"
3,"{'dimensions': [1, 1, 1], 'recursive_limit': 5, 'mass': 1, 'position': [0.0, 0.5, 0.0], 'joint_position': [0.0, 1.0, 0.0], 'joint_axis': ' 0.7967  0.6348 -0.4041', 'connections': [4]}"
4,"{'dimensions': [1, 1, 1], 'recursive_limit': 4, 'mass': 1, 'position': [0.0, 0.5, 0.0], 'joint_position': [0.0, 1.0, 0.0], 'joint_axis': '-0.0124 -0.6284 -0.6074', 'connections': [5]}"
5,"{'dimensions': [1, 1, 1], 'recursive_limit': 3, 'mass': 1, 'position': [0.0, 0.5, 0.0], 'joint_position': [0.0, 1.0, 0.0], 'joint_axis': ' 0.6013 -0.4253 -0.4308', 'connections': [6]}"
6,"{'dimensions': [1, 1, 1], 'recursive_limit': 2, 'mass': 1, 'position': [0.0, 0.5, 0.0], 'joint_position': [0.0, 1.0, 0.0], 'joint_axis': ' 0.0304  0.1422 -0.498 ', 'connections': [7]}"
7,"{'dimensions': [1, 1, 1], 'recursive_limit': 1, 'mass': 0.9996, 'position': [0.0, 0.5, 0.0], 'joint_position': [0.0, 1.0, 0.0], 'joint_axis': '-0.7732  0.4623  0.0354', 'connections': []}"

0,"{'dimensions': [1, 1, 1], 'recursive_limit': 8, 'mass': 1, 'position': [0, 0, 0.5], 'joint_position': [0, 0.5, 0.5], 'joint_axis': '-0.0374  0.9363  0.3605', 'connections': [1]}"
1,"{'dimensions': [1, 1, 1], 'recursive_limit': 7, 'mass': 1, 'position': [0.0, 0.5, 0.0], 'joint_position': [0.0, 1.0, 0.0], 'joint_axis': '0.3383 0.4557 0.5149', 'connections': [2]}"
2,"{'dimensions': [1, 1, 1], 'recursive_limit': 6, 'mass': 1, 'position': [0.0, 0.5, 0.0], 'joint_position': [0.0, 1.0, 0.0], 'joint_axis': ' 0.4756  0.6304 -0.1661', 'connections': [3]}"
3,"{'dimensions': [1, 1, 1], 'recursive_limit': 5, 'mass': 1, 'position': [0.0, 0.5, 0.0], 'joint_position': [0.0, 1.0, 0.0], 'joint_axis': '-0.6425  0.498   0.6262', 'connections': [4]}"
4,"{'dimensions': [1, 1, 1], 'recursive_limit': 4, 'mass': 1, 'position': [0.0, 0.5, 0.0], 'joint_position': [0.0, 1.0, 0.0], 'joint_axis': ' 0.1219 -0.9856 -0.4501', 'connections': [5]}"
5,"{'dimensions': [1, 1, 1], 'recursive_limit': 3, 'mass': 1, 'position': [0.0, 0.5, 0.0], 'joint_position': [0.0, 1.0, 0.0], 'joint_axis': '0.5696 0.5465 0.034 ', 'connections': [6]}"
6,"{'dimensions': [1, 1, 1], 'recursive_limit': 2, 'mass': 1, 'position': [0.0, 0.5, 0.0], 'joint_position': [0.0, 1.0, 0.0], 'joint_axis': '-0.1899  0.6244 -0.6043', 'connections': [7]}"
7,"{'dimensions': [1, 1, 1], 'recursive_limit': 1, 'mass': 0.9995, 'position': [0.0, 0.5, 0.0], 'joint_position': [0.0, 1.0, 0.0], 'joint_axis': '-0.5814 -0.6374 -0.9003', 'connections': []}"

0,"{'dimensions': [1, 1, 1], 'recursive_limit': 8, 'mass': 1, 'position': [0, 0, 0.5], 'joint_position': [0, 0.5, 0.5], 'joint_axis': ' 0.4665  0.8101 -0.1423', 'connections': [1]}"
1,"{'dimensions': [1, 1, 1], 'recursive_limit': 7, 'mass': 1, 'position': [0.0, 0.5, 0.0], 'joint_position': [0.0, 1.0, 0.0], 'joint_axis': '-0.7222 -0.3116  0.0795', 'connections': [2]}"
2,"{'dimensions': [1, 1, 1], 'recursive_limit': 6, 'mass': 1, 'position': [0.0, 0.5, 0.0], 'joint_position': [0.0, 1.0, 0.0], 'joint_axis': '0.376  0.9215 0.8244', 'connections': [3]}"
3,"{'dimensions': [1, 1, 1], 'recursive_limit': 5, 'mass': 1, 'position': [0.0, 0.5, 0.0], 'joint_position': [0.0, 1.0, 0.0], 'joint_axis': ' 0.8994  0.8514 -0.2335', 'connections': [4]}"
4,"{'dimensions': [1, 1, 1], 'recursive_limit': 4, 'mass': 1, 'position': [0.0, 0.5, 0.0], 'joint_position': [0.0, 1.0, 0.0], 'joint_axis': '-0.7431  0.9458 -0.3564', 'connections': [5]}"
5,"{'dimensions': [1, 1, 1], 'recursive_limit': 3, 'mass': 1, 'position': [0.0, 0.5, 0.0], 'joint_position': [0.0, 1.0, 0.0], 'joint_axis': '-0.0852  0.3357 -0.7414', 'connections': [6]}"
6,"{'dimensions': [1, 1, 1], 'recursive_limit': 2, 'mass': 1, 'position': [0.0, 0.5, 0.0], 'joint_position': [0.0, 1.0, 0.0], 'joint_axis': '-0.5398 -0.7709 -0.3957', 'connections': [7]}"
7,"{'dimensions': [1, 1, 1], 'recursive_limit': 1, 'mass': 0.9995, 'position': [0.0, 0.5, 0.0], 'joint_position': [0.0, 1.0, 0.0], 'joint_axis': '-0.6454 -0.6615  0.9076', 'connections': []}"



0,"{'dimensions': [1, 1, 1], 'recursive_limit': 8, 'mass': 1, 'position': [0, 0, 0.5], 'joint_position': [0, 0.5, 0.5], 'joint_axis': ' 0.1416  0.1754 -0.1841', 'connections': [1]}"
1,"{'dimensions': [1, 1, 1], 'recursive_limit': 7, 'mass': 1, 'position': [0.0, 0.5, 0.0], 'joint_position': [0.0, 1.0, 0.0], 'joint_axis': '-0.3886  0.9921 -0.915 ', 'connections': [2]}"
2,"{'dimensions': [1, 1, 1], 'recursive_limit': 6, 'mass': 1, 'position': [0.0, 0.5, 0.0], 'joint_position': [0.0, 1.0, 0.0], 'joint_axis': ' 0.2753 -0.6004 -0.1346', 'connections': [3]}"
3,"{'dimensions': [1, 1, 1], 'recursive_limit': 5, 'mass': 1, 'position': [0.0, 0.5, 0.0], 'joint_position': [0.0, 1.0, 0.0], 'joint_axis': ' 0.0095  0.0028 -0.6336', 'connections': [4]}"
4,"{'dimensions': [1, 1, 1], 'recursive_limit': 4, 'mass': 1, 'position': [0.0, 0.5, 0.0], 'joint_position': [0.0, 1.0, 0.0], 'joint_axis': '-0.443  -0.6872  0.7365', 'connections': [5]}"
5,"{'dimensions': [1, 1, 1], 'recursive_limit': 3, 'mass': 1, 'position': [0.0, 0.5, 0.0], 'joint_position': [0.0, 1.0, 0.0], 'joint_axis': ' 0.2689 -0.2493  0.6316', 'connections': [6]}"
6,"{'dimensions': [1, 1, 1], 'recursive_limit': 2, 'mass': 1, 'position': [0.0, 0.5, 0.0], 'joint_position': [0.0, 1.0, 0.0], 'joint_axis': '-0.4159  0.7425  0.5708', 'connections': [7]}"
7,"{'dimensions': [1, 1, 1], 'recursive_limit': 1, 'mass': 0.9999, 'position': [0.0, 0.5, 0.0], 'joint_position': [0.0, 1.0, 0.0], 'joint_axis': '-0.7428 -0.3671 -0.8321', 'connections': []}"

0,"{'dimensions': [1, 1, 1], 'recursive_limit': 8, 'mass': 1, 'position': [0, 0, 0.5], 'joint_position': [0, 0.5, 0.5], 'joint_axis': ' 0.6683 -0.1342  0.5376', 'connections': [1]}"
1,"{'dimensions': [1, 1, 1], 'recursive_limit': 7, 'mass': 1, 'position': [0.0, 0.5, 0.0], 'joint_position': [0.0, 1.0, 0.0], 'joint_axis': '-0.6768  0.7879  0.8007', 'connections': [2]}"
2,"{'dimensions': [1, 1, 1], 'recursive_limit': 6, 'mass': 1, 'position': [0.0, 0.5, 0.0], 'joint_position': [0.0, 1.0, 0.0], 'joint_axis': '-0.5375 -0.9029  0.919 ', 'connections': [3]}"
3,"{'dimensions': [1, 1, 1], 'recursive_limit': 5, 'mass': 1, 'position': [0.0, 0.5, 0.0], 'joint_position': [0.0, 1.0, 0.0], 'joint_axis': ' 0.9176 -0.1885 -0.9586', 'connections': [4]}"
4,"{'dimensions': [1, 1, 1], 'recursive_limit': 4, 'mass': 1, 'position': [0.0, 0.5, 0.0], 'joint_position': [0.0, 1.0, 0.0], 'joint_axis': '-0.1693 -0.7166  0.9788', 'connections': [5]}"
5,"{'dimensions': [1, 1, 1], 'recursive_limit': 3, 'mass': 1, 'position': [0.0, 0.5, 0.0], 'joint_position': [0.0, 1.0, 0.0], 'joint_axis': '-0.0686 -0.2174 -0.5099', 'connections': [6]}"
6,"{'dimensions': [1, 1, 1], 'recursive_limit': 2, 'mass': 1, 'position': [0.0, 0.5, 0.0], 'joint_position': [0.0, 1.0, 0.0], 'joint_axis': '-0.4476  0.3657  0.5177', 'connections': [7]}"
7,"{'dimensions': [1, 1, 1], 'recursive_limit': 1, 'mass': 0.9998, 'position': [0.0, 0.5, 0.0], 'joint_position': [0.0, 1.0, 0.0], 'joint_axis': '-0.1195  0.6055  0.8773', 'connections': []}"

0,"{'dimensions': [1, 1, 1], 'recursive_limit': 8, 'mass': 1, 'position': [0, 0, 0.5], 'joint_position': [0, 0.5, 0.5], 'joint_axis': '-0.0966  0.9541  0.4378', 'connections': [1]}"
1,"{'dimensions': [1, 1, 1], 'recursive_limit': 7, 'mass': 1, 'position': [0.0, 0.5, 0.0], 'joint_position': [0.0, 1.0, 0.0], 'joint_axis': '-0.953  -0.093   0.4054', 'connections': [2]}"
2,"{'dimensions': [1, 1, 1], 'recursive_limit': 6, 'mass': 1, 'position': [0.0, 0.5, 0.0], 'joint_position': [0.0, 1.0, 0.0], 'joint_axis': ' 0.8654  0.4986 -0.7892', 'connections': [3]}"
3,"{'dimensions': [1, 1, 1], 'recursive_limit': 5, 'mass': 1, 'position': [0.0, 0.5, 0.0], 'joint_position': [0.0, 1.0, 0.0], 'joint_axis': ' 0.7967  0.6348 -0.4041', 'connections': [4]}"
4,"{'dimensions': [1, 1, 1], 'recursive_limit': 4, 'mass': 1, 'position': [0.0, 0.5, 0.0], 'joint_position': [0.0, 1.0, 0.0], 'joint_axis': '-0.0124 -0.6284 -0.6074', 'connections': [5]}"
5,"{'dimensions': [1, 1, 1], 'recursive_limit': 3, 'mass': 1, 'position': [0.0, 0.5, 0.0], 'joint_position': [0.0, 1.0, 0.0], 'joint_axis': ' 0.6013 -0.4253 -0.4308', 'connections': [6]}"
6,"{'dimensions': [1, 1, 1], 'recursive_limit': 2, 'mass': 1, 'position': [0.0, 0.5, 0.0], 'joint_position': [0.0, 1.0, 0.0], 'joint_axis': ' 0.0304  0.1422 -0.498 ', 'connections': [7]}"
7,"{'dimensions': [1, 1, 1], 'recursive_limit': 1, 'mass': 0.9995, 'position': [0.0, 0.5, 0.0], 'joint_position': [0.0, 1.0, 0.0], 'joint_axis': '-0.7732  0.4623  0.0354', 'connections': []}"

0,"{'dimensions': [1, 1, 1], 'recursive_limit': 8, 'mass': 1, 'position': [0, 0, 0.5], 'joint_position': [0, 0.5, 0.5], 'joint_axis': '-0.0374  0.9363  0.3605', 'connections': [1]}"
1,"{'dimensions': [1, 1, 1], 'recursive_limit': 7, 'mass': 1, 'position': [0.0, 0.5, 0.0], 'joint_position': [0.0, 1.0, 0.0], 'joint_axis': '0.3383 0.4557 0.5149', 'connections': [2]}"
2,"{'dimensions': [1, 1, 1], 'recursive_limit': 6, 'mass': 1, 'position': [0.0, 0.5, 0.0], 'joint_position': [0.0, 1.0, 0.0], 'joint_axis': ' 0.4756  0.6304 -0.1661', 'connections': [3]}"
3,"{'dimensions': [1, 1, 1], 'recursive_limit': 5, 'mass': 1, 'position': [0.0, 0.5, 0.0], 'joint_position': [0.0, 1.0, 0.0], 'joint_axis': '-0.6425  0.498   0.6262', 'connections': [4]}"
4,"{'dimensions': [1, 1, 1], 'recursive_limit': 4, 'mass': 1, 'position': [0.0, 0.5, 0.0], 'joint_position': [0.0, 1.0, 0.0], 'joint_axis': ' 0.1219 -0.9856 -0.4501', 'connections': [5]}"
5,"{'dimensions': [1, 1, 1], 'recursive_limit': 3, 'mass': 1, 'position': [0.0, 0.5, 0.0], 'joint_position': [0.0, 1.0, 0.0], 'joint_axis': '0.5696 0.5465 0.034 ', 'connections': [6]}"
6,"{'dimensions': [1, 1, 1], 'recursive_limit': 2, 'mass': 1, 'position': [0.0, 0.5, 0.0], 'joint_position': [0.0, 1.0, 0.0], 'joint_axis': '-0.1899  0.6244 -0.6043', 'connections': [7]}"
7,"{'dimensions': [1, 1, 1], 'recursive_limit': 1, 'mass': 0.9994, 'position': [0.0, 0.5, 0.0], 'joint_position': [0.0, 1.0, 0.0], 'joint_axis': '-0.5814 -0.6374 -0.9003', 'connections': []}"

0,"{'dimensions': [1, 1, 1], 'recursive_limit': 8, 'mass': 1, 'position': [0, 0, 0.5], 'joint_position': [0, 0.5, 0.5], 'joint_axis': ' 0.4665  0.8101 -0.1423', 'connections': [1]}"
1,"{'dimensions': [1, 1, 1], 'recursive_limit': 7, 'mass': 1, 'position': [0.0, 0.5, 0.0], 'joint_position': [0.0, 1.0, 0.0], 'joint_axis': '-0.7222 -0.3116  0.0795', 'connections': [2]}"
2,"{'dimensions': [1, 1, 1], 'recursive_limit': 6, 'mass': 1, 'position': [0.0, 0.5, 0.0], 'joint_position': [0.0, 1.0, 0.0], 'joint_axis': '0.376  0.9215 0.8244', 'connections': [3]}"
3,"{'dimensions': [1, 1, 1], 'recursive_limit': 5, 'mass': 1, 'position': [0.0, 0.5, 0.0], 'joint_position': [0.0, 1.0, 0.0], 'joint_axis': ' 0.8994  0.8514 -0.2335', 'connections': [4]}"
4,"{'dimensions': [1, 1, 1], 'recursive_limit': 4, 'mass': 1, 'position': [0.0, 0.5, 0.0], 'joint_position': [0.0, 1.0, 0.0], 'joint_axis': '-0.7431  0.9458 -0.3564', 'connections': [5]}"
5,"{'dimensions': [1, 1, 1], 'recursive_limit': 3, 'mass': 1, 'position': [0.0, 0.5, 0.0], 'joint_position': [0.0, 1.0, 0.0], 'joint_axis': '-0.0852  0.3357 -0.7414', 'connections': [6]}"
6,"{'dimensions': [1, 1, 1], 'recursive_limit': 2, 'mass': 1, 'position': [0.0, 0.5, 0.0], 'joint_position': [0.0, 1.0, 0.0], 'joint_axis': '-0.5398 -0.7709 -0.3957', 'connections': [7]}"
7,"{'dimensions': [1, 1, 1], 'recursive_limit': 1, 'mass': 0.9995, 'position': [0.0, 0.5, 0.0], 'joint_position': [0.0, 1.0, 0.0], 'joint_axis': '-0.6454 -0.6615  0.9076', 'connections': []}"



0,"{'dimensions': [1, 1, 1], 'recursive_limit': 8, 'mass': 1, 'position': [0, 0, 0.5], 'joint_position': [0, 0.5, 0.5], 'joint_axis': ' 0.1416  0.1754 -0.1841', 'connections': [1]}"
1,"{'dimensions': [1, 1, 1], 'recursive_limit': 7, 'mass': 1, 'position': [0.0, 0.5, 0.0], 'joint_position': [0.0, 1.0, 0.0], 'joint_axis': '-0.3886  0.9921 -0.915 ', 'connections': [2]}"
2,"{'dimensions': [1, 1, 1], 'recursive_limit': 6, 'mass': 1, 'position': [0.0, 0.5, 0.0], 'joint_position': [0.0, 1.0, 0.0], 'joint_axis': ' 0.2753 -0.6004 -0.1346', 'connections': [3]}"
3,"{'dimensions': [1, 1, 1], 'recursive_limit': 5, 'mass': 1, 'position': [0.0, 0.5, 0.0], 'joint_position': [0.0, 1.0, 0.0], 'joint_axis': ' 0.0095  0.0028 -0.6336', 'connections': [4]}"
4,"{'dimensions': [1, 1, 1], 'recursive_limit': 4, 'mass': 1, 'position': [0.0, 0.5, 0.0], 'joint_position': [0.0, 1.0, 0.0], 'joint_axis': '-0.443  -0.6872  0.7365', 'connections': [5]}"
5,"{'dimensions': [1, 1, 1], 'recursive_limit': 3, 'mass': 1, 'position': [0.0, 0.5, 0.0], 'joint_position': [0.0, 1.0, 0.0], 'joint_axis': ' 0.2689 -0.2493  0.6316', 'connections': [6]}"
6,"{'dimensions': [1, 1, 1], 'recursive_limit': 2, 'mass': 1, 'position': [0.0, 0.5, 0.0], 'joint_position': [0.0, 1.0, 0.0], 'joint_axis': '-0.4159  0.7425  0.5708', 'connections': [7]}"
7,"{'dimensions': [1, 1, 1], 'recursive_limit': 1, 'mass': 0.9999, 'position': [0.0, 0.5, 0.0], 'joint_position': [0.0, 1.0, 0.0], 'joint_axis': '-0.7428 -0.3671 -0.8321', 'connections': []}"

0,"{'dimensions': [1, 1, 1], 'recursive_limit': 8, 'mass': 1, 'position': [0, 0, 0.5], 'joint_position': [0, 0.5, 0.5], 'joint_axis': ' 0.6683 -0.1342  0.5376', 'connections': [1]}"
1,"{'dimensions': [1, 1, 1], 'recursive_limit': 7, 'mass': 1, 'position': [0.0, 0.5, 0.0], 'joint_position': [0.0, 1.0, 0.0], 'joint_axis': '-0.6768  0.7879  0.8007', 'connections': [2]}"
2,"{'dimensions': [1, 1, 1], 'recursive_limit': 6, 'mass': 1, 'position': [0.0, 0.5, 0.0], 'joint_position': [0.0, 1.0, 0.0], 'joint_axis': '-0.5375 -0.9029  0.919 ', 'connections': [3]}"
3,"{'dimensions': [1, 1, 1], 'recursive_limit': 5, 'mass': 1, 'position': [0.0, 0.5, 0.0], 'joint_position': [0.0, 1.0, 0.0], 'joint_axis': ' 0.9176 -0.1885 -0.9586', 'connections': [4]}"
4,"{'dimensions': [1, 1, 1], 'recursive_limit': 4, 'mass': 1, 'position': [0.0, 0.5, 0.0], 'joint_position': [0.0, 1.0, 0.0], 'joint_axis': '-0.1693 -0.7166  0.9788', 'connections': [5]}"
5,"{'dimensions': [1, 1, 1], 'recursive_limit': 3, 'mass': 1, 'position': [0.0, 0.5, 0.0], 'joint_position': [0.0, 1.0, 0.0], 'joint_axis': '-0.0686 -0.2174 -0.5099', 'connections': [6]}"
6,"{'dimensions': [1, 1, 1], 'recursive_limit': 2, 'mass': 1, 'position': [0.0, 0.5, 0.0], 'joint_position': [0.0, 1.0, 0.0], 'joint_axis': '-0.4476  0.3657  0.5177', 'connections': [7]}"
7,"{'dimensions': [1, 1, 1], 'recursive_limit': 1, 'mass': 0.9998, 'position': [0.0, 0.5, 0.0], 'joint_position': [0.0, 1.0, 0.0], 'joint_axis': '-0.1195  0.6055  0.8773', 'connections': []}"

0,"{'dimensions': [1, 1, 1], 'recursive_limit': 8, 'mass': 1, 'position': [0, 0, 0.5], 'joint_position': [0, 0.5, 0.5], 'joint_axis': '-0.0966  0.9541  0.4378', 'connections': [1]}"
1,"{'dimensions': [1, 1, 1], 'recursive_limit': 7, 'mass': 1, 'position': [0.0, 0.5, 0.0], 'joint_position': [0.0, 1.0, 0.0], 'joint_axis': '-0.953  -0.093   0.4054', 'connections': [2]}"
2,"{'dimensions': [1, 1, 1], 'recursive_limit': 6, 'mass': 1, 'position': [0.0, 0.5, 0.0], 'joint_position': [0.0, 1.0, 0.0], 'joint_axis': ' 0.8654  0.4986 -0.7892', 'connections': [3]}"
3,"{'dimensions': [1, 1, 1], 'recursive_limit': 5, 'mass': 1, 'position': [0.0, 0.5, 0.0], 'joint_position': [0.0, 1.0, 0.0], 'joint_axis': ' 0.7967  0.6348 -0.4041', 'connections': [4]}"
4,"{'dimensions': [1, 1, 1], 'recursive_limit': 4, 'mass': 1, 'position': [0.0, 0.5, 0.0], 'joint_position': [0.0, 1.0, 0.0], 'joint_axis': '-0.0124 -0.6284 -0.6074', 'connections': [5]}"
5,"{'dimensions': [1, 1, 1], 'recursive_limit': 3, 'mass': 1, 'position': [0.0, 0.5, 0.0], 'joint_position': [0.0, 1.0, 0.0], 'joint_axis': ' 0.6013 -0.4253 -0.4308', 'connections': [6]}"
6,"{'dimensions': [1, 1, 1], 'recursive_limit': 2, 'mass': 1, 'position': [0.0, 0.5, 0.0], 'joint_position': [0.0, 1.0, 0.0], 'joint_axis': ' 0.0304  0.1422 -0.498 ', 'connections': [7]}"
7,"{'dimensions': [1, 1, 1], 'recursive_limit': 1, 'mass': 0.9995, 'position': [0.0, 0.5, 0.0], 'joint_position': [0.0, 1.0, 0.0], 'joint_axis': '-0.7732  0.4623  0.0354', 'connections': []}"

0,"{'dimensions': [1, 1, 1], 'recursive_limit': 8, 'mass': 1, 'position': [0, 0, 0.5], 'joint_position': [0, 0.5, 0.5], 'joint_axis': '-0.0374  0.9363  0.3605', 'connections': [1]}"
1,"{'dimensions': [1, 1, 1], 'recursive_limit': 7, 'mass': 1, 'position': [0.0, 0.5, 0.0], 'joint_position': [0.0, 1.0, 0.0], 'joint_axis': '0.3383 0.4557 0.5149', 'connections': [2]}"
2,"{'dimensions': [1, 1, 1], 'recursive_limit': 6, 'mass': 1, 'position': [0.0, 0.5, 0.0], 'joint_position': [0.0, 1.0, 0.0], 'joint_axis': ' 0.4756  0.6304 -0.1661', 'connections': [3]}"
3,"{'dimensions': [1, 1, 1], 'recursive_limit': 5, 'mass': 1, 'position': [0.0, 0.5, 0.0], 'joint_position': [0.0, 1.0, 0.0], 'joint_axis': '-0.6425  0.498   0.6262', 'connections': [4]}"
4,"{'dimensions': [1, 1, 1], 'recursive_limit': 4, 'mass': 1, 'position': [0.0, 0.5, 0.0], 'joint_position': [0.0, 1.0, 0.0], 'joint_axis': ' 0.1219 -0.9856 -0.4501', 'connections': [5]}"
5,"{'dimensions': [1, 1, 1], 'recursive_limit': 3, 'mass': 1, 'position': [0.0, 0.5, 0.0], 'joint_position': [0.0, 1.0, 0.0], 'joint_axis': '0.5696 0.5465 0.034 ', 'connections': [6]}"
6,"{'dimensions': [1, 1, 1], 'recursive_limit': 2, 'mass': 1, 'position': [0.0, 0.5, 0.0], 'joint_position': [0.0, 1.0, 0.0], 'joint_axis': '-0.1899  0.6244 -0.6043', 'connections': [7]}"
7,"{'dimensions': [1, 1, 1], 'recursive_limit': 1, 'mass': 0.9994, 'position': [0.0, 0.5, 0.0], 'joint_position': [0.0, 1.0, 0.0], 'joint_axis': '-0.5814 -0.6374 -0.9003', 'connections': []}"

0,"{'dimensions': [1, 1, 1], 'recursive_limit': 8, 'mass': 1, 'position': [0, 0, 0.5], 'joint_position': [0, 0.5, 0.5], 'joint_axis': ' 0.4665  0.8101 -0.1423', 'connections': [1]}"
1,"{'dimensions': [1, 1, 1], 'recursive_limit': 7, 'mass': 1, 'position': [0.0, 0.5, 0.0], 'joint_position': [0.0, 1.0, 0.0], 'joint_axis': '-0.7222 -0.3116  0.0795', 'connections': [2]}"
2,"{'dimensions': [1, 1, 1], 'recursive_limit': 6, 'mass': 1, 'position': [0.0, 0.5, 0.0], 'joint_position': [0.0, 1.0, 0.0], 'joint_axis': '0.376  0.9215 0.8244', 'connections': [3]}"
3,"{'dimensions': [1, 1, 1], 'recursive_limit': 5, 'mass': 1, 'position': [0.0, 0.5, 0.0], 'joint_position': [0.0, 1.0, 0.0], 'joint_axis': ' 0.8994  0.8514 -0.2335', 'connections': [4]}"
4,"{'dimensions': [1, 1, 1], 'recursive_limit': 4, 'mass': 1, 'position': [0.0, 0.5, 0.0], 'joint_position': [0.0, 1.0, 0.0], 'joint_axis': '-0.7431  0.9458 -0.3564', 'connections': [5]}"
5,"{'dimensions': [1, 1, 1], 'recursive_limit': 3, 'mass': 1, 'position': [0.0, 0.5, 0.0], 'joint_position': [0.0, 1.0, 0.0], 'joint_axis': '-0.0852  0.3357 -0.7414', 'connections': [6]}"
6,"{'dimensions': [1, 1, 1], 'recursive_limit': 2, 'mass': 1, 'position': [0.0, 0.5, 0.0], 'joint_position': [0.0, 1.0, 0.0], 'joint_axis': '-0.5398 -0.7709 -0.3957', 'connections': [7]}"
7,"{'dimensions': [1, 1, 1], 'recursive_limit': 1, 'mass': 0.9994, 'position': [0.0, 0.5, 0.0], 'joint_position': [0.0, 1.0, 0.0], 'joint_axis': '-0.6454 -0.6615  0.9076', 'connections': []}"



0,"{'dimensions': [1, 1, 1], 'recursive_limit': 8, 'mass': 1, 'position': [0, 0, 0.5], 'joint_position': [0, 0.5, 0.5], 'joint_axis': ' 0.1416  0.1754 -0.1841', 'connections': [1]}"
1,"{'dimensions': [1, 1, 1], 'recursive_limit': 7, 'mass': 1, 'position': [0.0, 0.5, 0.0], 'joint_position': [0.0, 1.0, 0.0], 'joint_axis': '-0.3886  0.9921 -0.915 ', 'connections': [2]}"
2,"{'dimensions': [1, 1, 1], 'recursive_limit': 6, 'mass': 1, 'position': [0.0, 0.5, 0.0], 'joint_position': [0.0, 1.0, 0.0], 'joint_axis': ' 0.2753 -0.6004 -0.1346', 'connections': [3]}"
3,"{'dimensions': [1, 1, 1], 'recursive_limit': 5, 'mass': 1, 'position': [0.0, 0.5, 0.0], 'joint_position': [0.0, 1.0, 0.0], 'joint_axis': ' 0.0095  0.0028 -0.6336', 'connections': [4]}"
4,"{'dimensions': [1, 1, 1], 'recursive_limit': 4, 'mass': 1, 'position': [0.0, 0.5, 0.0], 'joint_position': [0.0, 1.0, 0.0], 'joint_axis': '-0.443  -0.6872  0.7365', 'connections': [5]}"
5,"{'dimensions': [1, 1, 1], 'recursive_limit': 3, 'mass': 1, 'position': [0.0, 0.5, 0.0], 'joint_position': [0.0, 1.0, 0.0], 'joint_axis': ' 0.2689 -0.2493  0.6316', 'connections': [6]}"
6,"{'dimensions': [1, 1, 1], 'recursive_limit': 2, 'mass': 1, 'position': [0.0, 0.5, 0.0], 'joint_position': [0.0, 1.0, 0.0], 'joint_axis': '-0.4159  0.7425  0.5708', 'connections': [7]}"
7,"{'dimensions': [1, 1, 1], 'recursive_limit': 1, 'mass': 0.9999, 'position': [0.0, 0.5, 0.0], 'joint_position': [0.0, 1.0, 0.0], 'joint_axis': '-0.7428 -0.3671 -0.8321', 'connections': []}"

0,"{'dimensions': [1, 1, 1], 'recursive_limit': 8, 'mass': 1, 'position': [0, 0, 0.5], 'joint_position': [0, 0.5, 0.5], 'joint_axis': ' 0.6683 -0.1342  0.5376', 'connections': [1]}"
1,"{'dimensions': [1, 1, 1], 'recursive_limit': 7, 'mass': 1, 'position': [0.0, 0.5, 0.0], 'joint_position': [0.0, 1.0, 0.0], 'joint_axis': '-0.6768  0.7879  0.8007', 'connections': [2]}"
2,"{'dimensions': [1, 1, 1], 'recursive_limit': 6, 'mass': 1, 'position': [0.0, 0.5, 0.0], 'joint_position': [0.0, 1.0, 0.0], 'joint_axis': '-0.5375 -0.9029  0.919 ', 'connections': [3]}"
3,"{'dimensions': [1, 1, 1], 'recursive_limit': 5, 'mass': 1, 'position': [0.0, 0.5, 0.0], 'joint_position': [0.0, 1.0, 0.0], 'joint_axis': ' 0.9176 -0.1885 -0.9586', 'connections': [4]}"
4,"{'dimensions': [1, 1, 1], 'recursive_limit': 4, 'mass': 1, 'position': [0.0, 0.5, 0.0], 'joint_position': [0.0, 1.0, 0.0], 'joint_axis': '-0.1693 -0.7166  0.9788', 'connections': [5]}"
5,"{'dimensions': [1, 1, 1], 'recursive_limit': 3, 'mass': 1, 'position': [0.0, 0.5, 0.0], 'joint_position': [0.0, 1.0, 0.0], 'joint_axis': '-0.0686 -0.2174 -0.5099', 'connections': [6]}"
6,"{'dimensions': [1, 1, 1], 'recursive_limit': 2, 'mass': 1, 'position': [0.0, 0.5, 0.0], 'joint_position': [0.0, 1.0, 0.0], 'joint_axis': '-0.4476  0.3657  0.5177', 'connections': [7]}"
7,"{'dimensions': [1, 1, 1], 'recursive_limit': 1, 'mass': 0.9998, 'position': [0.0, 0.5, 0.0], 'joint_position': [0.0, 1.0, 0.0], 'joint_axis': '-0.1195  0.6055  0.8773', 'connections': []}"

0,"{'dimensions': [1, 1, 1], 'recursive_limit': 8, 'mass': 1, 'position': [0, 0, 0.5], 'joint_position': [0, 0.5, 0.5], 'joint_axis': '-0.0966  0.9541  0.4378', 'connections': [1]}"
1,"{'dimensions': [1, 1, 1], 'recursive_limit': 7, 'mass': 1, 'position': [0.0, 0.5, 0.0], 'joint_position': [0.0, 1.0, 0.0], 'joint_axis': '-0.953  -0.093   0.4054', 'connections': [2]}"
2,"{'dimensions': [1, 1, 1], 'recursive_limit': 6, 'mass': 1, 'position': [0.0, 0.5, 0.0], 'joint_position': [0.0, 1.0, 0.0], 'joint_axis': ' 0.8654  0.4986 -0.7892', 'connections': [3]}"
3,"{'dimensions': [1, 1, 1], 'recursive_limit': 5, 'mass': 1, 'position': [0.0, 0.5, 0.0], 'joint_position': [0.0, 1.0, 0.0], 'joint_axis': ' 0.7967  0.6348 -0.4041', 'connections': [4]}"
4,"{'dimensions': [1, 1, 1], 'recursive_limit': 4, 'mass': 1, 'position': [0.0, 0.5, 0.0], 'joint_position': [0.0, 1.0, 0.0], 'joint_axis': '-0.0124 -0.6284 -0.6074', 'connections': [5]}"
5,"{'dimensions': [1, 1, 1], 'recursive_limit': 3, 'mass': 1, 'position': [0.0, 0.5, 0.0], 'joint_position': [0.0, 1.0, 0.0], 'joint_axis': ' 0.6013 -0.4253 -0.4308', 'connections': [6]}"
6,"{'dimensions': [1, 1, 1], 'recursive_limit': 2, 'mass': 1, 'position': [0.0, 0.5, 0.0], 'joint_position': [0.0, 1.0, 0.0], 'joint_axis': ' 0.0304  0.1422 -0.498 ', 'connections': [7]}"
7,"{'dimensions': [1, 1, 1], 'recursive_limit': 1, 'mass': 0.9994, 'position': [0.0, 0.5, 0.0], 'joint_position': [0.0, 1.0, 0.0], 'joint_axis': '-0.7732  0.4623  0.0354', 'connections': []}"

0,"{'dimensions': [1, 1, 1], 'recursive_limit': 8, 'mass': 1, 'position': [0, 0, 0.5], 'joint_position': [0, 0.5, 0.5], 'joint_axis': '-0.0374  0.9363  0.3605', 'connections': [1]}"
1,"{'dimensions': [1, 1, 1], 'recursive_limit': 7, 'mass': 1, 'position': [0.0, 0.5, 0.0], 'joint_position': [0.0, 1.0, 0.0], 'joint_axis': '0.3383 0.4557 0.5149', 'connections': [2]}"
2,"{'dimensions': [1, 1, 1], 'recursive_limit': 6, 'mass': 1, 'position': [0.0, 0.5, 0.0], 'joint_position': [0.0, 1.0, 0.0], 'joint_axis': ' 0.4756  0.6304 -0.1661', 'connections': [3]}"
3,"{'dimensions': [1, 1, 1], 'recursive_limit': 5, 'mass': 1, 'position': [0.0, 0.5, 0.0], 'joint_position': [0.0, 1.0, 0.0], 'joint_axis': '-0.6425  0.498   0.6262', 'connections': [4]}"
4,"{'dimensions': [1, 1, 1], 'recursive_limit': 4, 'mass': 1, 'position': [0.0, 0.5, 0.0], 'joint_position': [0.0, 1.0, 0.0], 'joint_axis': ' 0.1219 -0.9856 -0.4501', 'connections': [5]}"
5,"{'dimensions': [1, 1, 1], 'recursive_limit': 3, 'mass': 1, 'position': [0.0, 0.5, 0.0], 'joint_position': [0.0, 1.0, 0.0], 'joint_axis': '0.5696 0.5465 0.034 ', 'connections': [6]}"
6,"{'dimensions': [1, 1, 1], 'recursive_limit': 2, 'mass': 1, 'position': [0.0, 0.5, 0.0], 'joint_position': [0.0, 1.0, 0.0], 'joint_axis': '-0.1899  0.6244 -0.6043', 'connections': [7]}"
7,"{'dimensions': [1, 1, 1], 'recursive_limit': 1, 'mass': 0.9994, 'position': [0.0, 0.5, 0.0], 'joint_position': [0.0, 1.0, 0.0], 'joint_axis': '-0.5814 -0.6374 -0.9003', 'connections': []}"

0,"{'dimensions': [1, 1, 1], 'recursive_limit': 8, 'mass': 1, 'position': [0, 0, 0.5], 'joint_position': [0, 0.5, 0.5], 'joint_axis': ' 0.4665  0.8101 -0.1423', 'connections': [1]}"
1,"{'dimensions': [1, 1, 1], 'recursive_limit': 7, 'mass': 1, 'position': [0.0, 0.5, 0.0], 'joint_position': [0.0, 1.0, 0.0], 'joint_axis': '-0.7222 -0.3116  0.0795', 'connections': [2]}"
2,"{'dimensions': [1, 1, 1], 'recursive_limit': 6, 'mass': 1, 'position': [0.0, 0.5, 0.0], 'joint_position': [0.0, 1.0, 0.0], 'joint_axis': '0.376  0.9215 0.8244', 'connections': [3]}"
3,"{'dimensions': [1, 1, 1], 'recursive_limit': 5, 'mass': 1, 'position': [0.0, 0.5, 0.0], 'joint_position': [0.0, 1.0, 0.0], 'joint_axis': ' 0.8994  0.8514 -0.2335', 'connections': [4]}"
4,"{'dimensions': [1, 1, 1], 'recursive_limit': 4, 'mass': 1, 'position': [0.0, 0.5, 0.0], 'joint_position': [0.0, 1.0, 0.0], 'joint_axis': '-0.7431  0.9458 -0.3564', 'connections': [5]}"
5,"{'dimensions': [1, 1, 1], 'recursive_limit': 3, 'mass': 1, 'position': [0.0, 0.5, 0.0], 'joint_position': [0.0, 1.0, 0.0], 'joint_axis': '-0.0852  0.3357 -0.7414', 'connections': [6]}"
6,"{'dimensions': [1, 1, 1], 'recursive_limit': 2, 'mass': 1, 'position': [0.0, 0.5, 0.0], 'joint_position': [0.0, 1.0, 0.0], 'joint_axis': '-0.5398 -0.7709 -0.3957', 'connections': [7]}"
7,"{'dimensions': [1, 1, 1], 'recursive_limit': 1, 'mass': 0.9994, 'position': [0.0, 0.5, 0.0], 'joint_position': [0.0, 1.0, 0.0], 'joint_axis': '-0.6454 -0.6615  0.9076', 'connections': []}"



0,"{'dimensions': [1, 1, 1], 'recursive_limit': 8, 'mass': 1, 'position': [0, 0, 0.5], 'joint_position': [0, 0.5, 0.5], 'joint_axis': ' 0.1416  0.1754 -0.1841', 'connections': [1]}"
1,"{'dimensions': [1, 1, 1], 'recursive_limit': 7, 'mass': 1, 'position': [0.0, 0.5, 0.0], 'joint_position': [0.0, 1.0, 0.0], 'joint_axis': '-0.3886  0.9921 -0.915 ', 'connections': [2]}"
2,"{'dimensions': [1, 1, 1], 'recursive_limit': 6, 'mass': 1, 'position': [0.0, 0.5, 0.0], 'joint_position': [0.0, 1.0, 0.0], 'joint_axis': ' 0.2753 -0.6004 -0.1346', 'connections': [3]}"
3,"{'dimensions': [1, 1, 1], 'recursive_limit': 5, 'mass': 1, 'position': [0.0, 0.5, 0.0], 'joint_position': [0.0, 1.0, 0.0], 'joint_axis': ' 0.0095  0.0028 -0.6336', 'connections': [4]}"
4,"{'dimensions': [1, 1, 1], 'recursive_limit': 4, 'mass': 1, 'position': [0.0, 0.5, 0.0], 'joint_position': [0.0, 1.0, 0.0], 'joint_axis': '-0.443  -0.6872  0.7365', 'connections': [5]}"
5,"{'dimensions': [1, 1, 1], 'recursive_limit': 3, 'mass': 1, 'position': [0.0, 0.5, 0.0], 'joint_position': [0.0, 1.0, 0.0], 'joint_axis': ' 0.2689 -0.2493  0.6316', 'connections': [6]}"
6,"{'dimensions': [1, 1, 1], 'recursive_limit': 2, 'mass': 1, 'position': [0.0, 0.5, 0.0], 'joint_position': [0.0, 1.0, 0.0], 'joint_axis': '-0.4159  0.7425  0.5708', 'connections': [7]}"
7,"{'dimensions': [1, 1, 1], 'recursive_limit': 1, 'mass': 0.9999, 'position': [0.0, 0.5, 0.0], 'joint_position': [0.0, 1.0, 0.0], 'joint_axis': '-0.7428 -0.3671 -0.8321', 'connections': []}"

0,"{'dimensions': [1, 1, 1], 'recursive_limit': 8, 'mass': 1, 'position': [0, 0, 0.5], 'joint_position': [0, 0.5, 0.5], 'joint_axis': ' 0.6683 -0.1342  0.5376', 'connections': [1]}"
1,"{'dimensions': [1, 1, 1], 'recursive_limit': 7, 'mass': 1, 'position': [0.0, 0.5, 0.0], 'joint_position': [0.0, 1.0, 0.0], 'joint_axis': '-0.6768  0.7879  0.8007', 'connections': [2]}"
2,"{'dimensions': [1, 1, 1], 'recursive_limit': 6, 'mass': 1, 'position': [0.0, 0.5, 0.0], 'joint_position': [0.0, 1.0, 0.0], 'joint_axis': '-0.5375 -0.9029  0.919 ', 'connections': [3]}"
3,"{'dimensions': [1, 1, 1], 'recursive_limit': 5, 'mass': 1, 'position': [0.0, 0.5, 0.0], 'joint_position': [0.0, 1.0, 0.0], 'joint_axis': ' 0.9176 -0.1885 -0.9586', 'connections': [4]}"
4,"{'dimensions': [1, 1, 1], 'recursive_limit': 4, 'mass': 1, 'position': [0.0, 0.5, 0.0], 'joint_position': [0.0, 1.0, 0.0], 'joint_axis': '-0.1693 -0.7166  0.9788', 'connections': [5]}"
5,"{'dimensions': [1, 1, 1], 'recursive_limit': 3, 'mass': 1, 'position': [0.0, 0.5, 0.0], 'joint_position': [0.0, 1.0, 0.0], 'joint_axis': '-0.0686 -0.2174 -0.5099', 'connections': [6]}"
6,"{'dimensions': [1, 1, 1], 'recursive_limit': 2, 'mass': 1, 'position': [0.0, 0.5, 0.0], 'joint_position': [0.0, 1.0, 0.0], 'joint_axis': '-0.4476  0.3657  0.5177', 'connections': [7]}"
7,"{'dimensions': [1, 1, 1], 'recursive_limit': 1, 'mass': 0.9998, 'position': [0.0, 0.5, 0.0], 'joint_position': [0.0, 1.0, 0.0], 'joint_axis': '-0.1195  0.6055  0.8773', 'connections': []}"

0,"{'dimensions': [1, 1, 1], 'recursive_limit': 8, 'mass': 1, 'position': [0, 0, 0.5], 'joint_position': [0, 0.5, 0.5], 'joint_axis': '-0.0966  0.9541  0.4378', 'connections': [1]}"
1,"{'dimensions': [1, 1, 1], 'recursive_limit': 7, 'mass': 1, 'position': [0.0, 0.5, 0.0], 'joint_position': [0.0, 1.0, 0.0], 'joint_axis': '-0.953  -0.093   0.4054', 'connections': [2]}"
2,"{'dimensions': [1, 1, 1], 'recursive_limit': 6, 'mass': 1, 'position': [0.0, 0.5, 0.0], 'joint_position': [0.0, 1.0, 0.0], 'joint_axis': ' 0.8654  0.4986 -0.7892', 'connections': [3]}"
3,"{'dimensions': [1, 1, 1], 'recursive_limit': 5, 'mass': 1, 'position': [0.0, 0.5, 0.0], 'joint_position': [0.0, 1.0, 0.0], 'joint_axis': ' 0.7967  0.6348 -0.4041', 'connections': [4]}"
4,"{'dimensions': [1, 1, 1], 'recursive_limit': 4, 'mass': 1, 'position': [0.0, 0.5, 0.0], 'joint_position': [0.0, 1.0, 0.0], 'joint_axis': '-0.0124 -0.6284 -0.6074', 'connections': [5]}"
5,"{'dimensions': [1, 1, 1], 'recursive_limit': 3, 'mass': 1, 'position': [0.0, 0.5, 0.0], 'joint_position': [0.0, 1.0, 0.0], 'joint_axis': ' 0.6013 -0.4253 -0.4308', 'connections': [6]}"
6,"{'dimensions': [1, 1, 1], 'recursive_limit': 2, 'mass': 1, 'position': [0.0, 0.5, 0.0], 'joint_position': [0.0, 1.0, 0.0], 'joint_axis': ' 0.0304  0.1422 -0.498 ', 'connections': [7]}"
7,"{'dimensions': [1, 1, 1], 'recursive_limit': 1, 'mass': 0.9994, 'position': [0.0, 0.5, 0.0], 'joint_position': [0.0, 1.0, 0.0], 'joint_axis': '-0.7732  0.4623  0.0354', 'connections': []}"

0,"{'dimensions': [1, 1, 1], 'recursive_limit': 8, 'mass': 1, 'position': [0, 0, 0.5], 'joint_position': [0, 0.5, 0.5], 'joint_axis': '-0.0374  0.9363  0.3605', 'connections': [1]}"
1,"{'dimensions': [1, 1, 1], 'recursive_limit': 7, 'mass': 1, 'position': [0.0, 0.5, 0.0], 'joint_position': [0.0, 1.0, 0.0], 'joint_axis': '0.3383 0.4557 0.5149', 'connections': [2]}"
2,"{'dimensions': [1, 1, 1], 'recursive_limit': 6, 'mass': 1, 'position': [0.0, 0.5, 0.0], 'joint_position': [0.0, 1.0, 0.0], 'joint_axis': ' 0.4756  0.6304 -0.1661', 'connections': [3]}"
3,"{'dimensions': [1, 1, 1], 'recursive_limit': 5, 'mass': 1, 'position': [0.0, 0.5, 0.0], 'joint_position': [0.0, 1.0, 0.0], 'joint_axis': '-0.6425  0.498   0.6262', 'connections': [4]}"
4,"{'dimensions': [1, 1, 1], 'recursive_limit': 4, 'mass': 1, 'position': [0.0, 0.5, 0.0], 'joint_position': [0.0, 1.0, 0.0], 'joint_axis': ' 0.1219 -0.9856 -0.4501', 'connections': [5]}"
5,"{'dimensions': [1, 1, 1], 'recursive_limit': 3, 'mass': 1, 'position': [0.0, 0.5, 0.0], 'joint_position': [0.0, 1.0, 0.0], 'joint_axis': '0.5696 0.5465 0.034 ', 'connections': [6]}"
6,"{'dimensions': [1, 1, 1], 'recursive_limit': 2, 'mass': 1, 'position': [0.0, 0.5, 0.0], 'joint_position': [0.0, 1.0, 0.0], 'joint_axis': '-0.1899  0.6244 -0.6043', 'connections': [7]}"
7,"{'dimensions': [1, 1, 1], 'recursive_limit': 1, 'mass': 0.9994, 'position': [0.0, 0.5, 0.0], 'joint_position': [0.0, 1.0, 0.0], 'joint_axis': '-0.5814 -0.6374 -0.9003', 'connections': []}"

0,"{'dimensions': [1, 1, 1], 'recursive_limit': 8, 'mass': 1, 'position': [0, 0, 0.5], 'joint_position': [0, 0.5, 0.5], 'joint_axis': ' 0.4665  0.8101 -0.1423', 'connections': [1]}"
1,"{'dimensions': [1, 1, 1], 'recursive_limit': 7, 'mass': 1, 'position': [0.0, 0.5, 0.0], 'joint_position': [0.0, 1.0, 0.0], 'joint_axis': '-0.7222 -0.3116  0.0795', 'connections': [2]}"
2,"{'dimensions': [1, 1, 1], 'recursive_limit': 6, 'mass': 1, 'position': [0.0, 0.5, 0.0], 'joint_position': [0.0, 1.0, 0.0], 'joint_axis': '0.376  0.9215 0.8244', 'connections': [3]}"
3,"{'dimensions': [1, 1, 1], 'recursive_limit': 5, 'mass': 1, 'position': [0.0, 0.5, 0.0], 'joint_position': [0.0, 1.0, 0.0], 'joint_axis': ' 0.8994  0.8514 -0.2335', 'connections': [4]}"
4,"{'dimensions': [1, 1, 1], 'recursive_limit': 4, 'mass': 1, 'position': [0.0, 0.5, 0.0], 'joint_position': [0.0, 1.0, 0.0], 'joint_axis': '-0.7431  0.9458 -0.3564', 'connections': [5]}"
5,"{'dimensions': [1, 1, 1], 'recursive_limit': 3, 'mass': 1, 'position': [0.0, 0.5, 0.0], 'joint_position': [0.0, 1.0, 0.0], 'joint_axis': '-0.0852  0.3357 -0.7414', 'connections': [6]}"
6,"{'dimensions': [1, 1, 1], 'recursive_limit': 2, 'mass': 1, 'position': [0.0, 0.5, 0.0], 'joint_position': [0.0, 1.0, 0.0], 'joint_axis': '-0.5398 -0.7709 -0.3957', 'connections': [7]}"
7,"{'dimensions': [1, 1, 1], 'recursive_limit': 1, 'mass': 0.9993, 'position': [0.0, 0.5, 0.0], 'joint_position': [0.0, 1.0, 0.0], 'joint_axis': '-0.6454 -0.6615  0.9076', 'connections': []}"



0,"{'dimensions': [1, 1, 1], 'recursive_limit': 8, 'mass': 1, 'position': [0, 0, 0.5], 'joint_position': [0, 0.5, 0.5], 'joint_axis': ' 0.1416  0.1754 -0.1841', 'connections': [1]}"
1,"{'dimensions': [1, 1, 1], 'recursive_limit': 7, 'mass': 1, 'position': [0.0, 0.5, 0.0], 'joint_position': [0.0, 1.0, 0.0], 'joint_axis': '-0.3886  0.9921 -0.915 ', 'connections': [2]}"
2,"{'dimensions': [1, 1, 1], 'recursive_limit': 6, 'mass': 1, 'position': [0.0, 0.5, 0.0], 'joint_position': [0.0, 1.0, 0.0], 'joint_axis': ' 0.2753 -0.6004 -0.1346', 'connections': [3]}"
3,"{'dimensions': [1, 1, 1], 'recursive_limit': 5, 'mass': 1, 'position': [0.0, 0.5, 0.0], 'joint_position': [0.0, 1.0, 0.0], 'joint_axis': ' 0.0095  0.0028 -0.6336', 'connections': [4]}"
4,"{'dimensions': [1, 1, 1], 'recursive_limit': 4, 'mass': 1, 'position': [0.0, 0.5, 0.0], 'joint_position': [0.0, 1.0, 0.0], 'joint_axis': '-0.443  -0.6872  0.7365', 'connections': [5]}"
5,"{'dimensions': [1, 1, 1], 'recursive_limit': 3, 'mass': 1, 'position': [0.0, 0.5, 0.0], 'joint_position': [0.0, 1.0, 0.0], 'joint_axis': ' 0.2689 -0.2493  0.6316', 'connections': [6]}"
6,"{'dimensions': [1, 1, 1], 'recursive_limit': 2, 'mass': 1, 'position': [0.0, 0.5, 0.0], 'joint_position': [0.0, 1.0, 0.0], 'joint_axis': '-0.4159  0.7425  0.5708', 'connections': [7]}"
7,"{'dimensions': [1, 1, 1], 'recursive_limit': 1, 'mass': 0.9999, 'position': [0.0, 0.5, 0.0], 'joint_position': [0.0, 1.0, 0.0], 'joint_axis': '-0.7428 -0.3671 -0.8321', 'connections': []}"

0,"{'dimensions': [1, 1, 1], 'recursive_limit': 8, 'mass': 1, 'position': [0, 0, 0.5], 'joint_position': [0, 0.5, 0.5], 'joint_axis': ' 0.6683 -0.1342  0.5376', 'connections': [1]}"
1,"{'dimensions': [1, 1, 1], 'recursive_limit': 7, 'mass': 1, 'position': [0.0, 0.5, 0.0], 'joint_position': [0.0, 1.0, 0.0], 'joint_axis': '-0.6768  0.7879  0.8007', 'connections': [2]}"
2,"{'dimensions': [1, 1, 1], 'recursive_limit': 6, 'mass': 1, 'position': [0.0, 0.5, 0.0], 'joint_position': [0.0, 1.0, 0.0], 'joint_axis': '-0.5375 -0.9029  0.919 ', 'connections': [3]}"
3,"{'dimensions': [1, 1, 1], 'recursive_limit': 5, 'mass': 1, 'position': [0.0, 0.5, 0.0], 'joint_position': [0.0, 1.0, 0.0], 'joint_axis': ' 0.9176 -0.1885 -0.9586', 'connections': [4]}"
4,"{'dimensions': [1, 1, 1], 'recursive_limit': 4, 'mass': 1, 'position': [0.0, 0.5, 0.0], 'joint_position': [0.0, 1.0, 0.0], 'joint_axis': '-0.1693 -0.7166  0.9788', 'connections': [5]}"
5,"{'dimensions': [1, 1, 1], 'recursive_limit': 3, 'mass': 1, 'position': [0.0, 0.5, 0.0], 'joint_position': [0.0, 1.0, 0.0], 'joint_axis': '-0.0686 -0.2174 -0.5099', 'connections': [6]}"
6,"{'dimensions': [1, 1, 1], 'recursive_limit': 2, 'mass': 1, 'position': [0.0, 0.5, 0.0], 'joint_position': [0.0, 1.0, 0.0], 'joint_axis': '-0.4476  0.3657  0.5177', 'connections': [7]}"
7,"{'dimensions': [1, 1, 1], 'recursive_limit': 1, 'mass': 0.9998, 'position': [0.0, 0.5, 0.0], 'joint_position': [0.0, 1.0, 0.0], 'joint_axis': '-0.1195  0.6055  0.8773', 'connections': []}"

0,"{'dimensions': [1, 1, 1], 'recursive_limit': 8, 'mass': 1, 'position': [0, 0, 0.5], 'joint_position': [0, 0.5, 0.5], 'joint_axis': '-0.0966  0.9541  0.4378', 'connections': [1]}"
1,"{'dimensions': [1, 1, 1], 'recursive_limit': 7, 'mass': 1, 'position': [0.0, 0.5, 0.0], 'joint_position': [0.0, 1.0, 0.0], 'joint_axis': '-0.953  -0.093   0.4054', 'connections': [2]}"
2,"{'dimensions': [1, 1, 1], 'recursive_limit': 6, 'mass': 1, 'position': [0.0, 0.5, 0.0], 'joint_position': [0.0, 1.0, 0.0], 'joint_axis': ' 0.8654  0.4986 -0.7892', 'connections': [3]}"
3,"{'dimensions': [1, 1, 1], 'recursive_limit': 5, 'mass': 1, 'position': [0.0, 0.5, 0.0], 'joint_position': [0.0, 1.0, 0.0], 'joint_axis': ' 0.7967  0.6348 -0.4041', 'connections': [4]}"
4,"{'dimensions': [1, 1, 1], 'recursive_limit': 4, 'mass': 1, 'position': [0.0, 0.5, 0.0], 'joint_position': [0.0, 1.0, 0.0], 'joint_axis': '-0.0124 -0.6284 -0.6074', 'connections': [5]}"
5,"{'dimensions': [1, 1, 1], 'recursive_limit': 3, 'mass': 1, 'position': [0.0, 0.5, 0.0], 'joint_position': [0.0, 1.0, 0.0], 'joint_axis': ' 0.6013 -0.4253 -0.4308', 'connections': [6]}"
6,"{'dimensions': [1, 1, 1], 'recursive_limit': 2, 'mass': 1, 'position': [0.0, 0.5, 0.0], 'joint_position': [0.0, 1.0, 0.0], 'joint_axis': ' 0.0304  0.1422 -0.498 ', 'connections': [7]}"
7,"{'dimensions': [1, 1, 1], 'recursive_limit': 1, 'mass': 0.9994, 'position': [0.0, 0.5, 0.0], 'joint_position': [0.0, 1.0, 0.0], 'joint_axis': '-0.7732  0.4623  0.0354', 'connections': []}"

0,"{'dimensions': [1, 1, 1], 'recursive_limit': 8, 'mass': 1, 'position': [0, 0, 0.5], 'joint_position': [0, 0.5, 0.5], 'joint_axis': '-0.0374  0.9363  0.3605', 'connections': [1]}"
1,"{'dimensions': [1, 1, 1], 'recursive_limit': 7, 'mass': 1, 'position': [0.0, 0.5, 0.0], 'joint_position': [0.0, 1.0, 0.0], 'joint_axis': '0.3383 0.4557 0.5149', 'connections': [2]}"
2,"{'dimensions': [1, 1, 1], 'recursive_limit': 6, 'mass': 1, 'position': [0.0, 0.5, 0.0], 'joint_position': [0.0, 1.0, 0.0], 'joint_axis': ' 0.4756  0.6304 -0.1661', 'connections': [3]}"
3,"{'dimensions': [1, 1, 1], 'recursive_limit': 5, 'mass': 1, 'position': [0.0, 0.5, 0.0], 'joint_position': [0.0, 1.0, 0.0], 'joint_axis': '-0.6425  0.498   0.6262', 'connections': [4]}"
4,"{'dimensions': [1, 1, 1], 'recursive_limit': 4, 'mass': 1, 'position': [0.0, 0.5, 0.0], 'joint_position': [0.0, 1.0, 0.0], 'joint_axis': ' 0.1219 -0.9856 -0.4501', 'connections': [5]}"
5,"{'dimensions': [1, 1, 1], 'recursive_limit': 3, 'mass': 1, 'position': [0.0, 0.5, 0.0], 'joint_position': [0.0, 1.0, 0.0], 'joint_axis': '0.5696 0.5465 0.034 ', 'connections': [6]}"
6,"{'dimensions': [1, 1, 1], 'recursive_limit': 2, 'mass': 1, 'position': [0.0, 0.5, 0.0], 'joint_position': [0.0, 1.0, 0.0], 'joint_axis': '-0.1899  0.6244 -0.6043', 'connections': [7]}"
7,"{'dimensions': [1, 1, 1], 'recursive_limit': 1, 'mass': 0.9994, 'position': [0.0, 0.5, 0.0], 'joint_position': [0.0, 1.0, 0.0], 'joint_axis': '-0.5814 -0.6374 -0.9003', 'connections': []}"

0,"{'dimensions': [1, 1, 1], 'recursive_limit': 8, 'mass': 1, 'position': [0, 0, 0.5], 'joint_position': [0, 0.5, 0.5], 'joint_axis': ' 0.4665  0.8101 -0.1423', 'connections': [1]}"
1,"{'dimensions': [1, 1, 1], 'recursive_limit': 7, 'mass': 1, 'position': [0.0, 0.5, 0.0], 'joint_position': [0.0, 1.0, 0.0], 'joint_axis': '-0.7222 -0.3116  0.0795', 'connections': [2]}"
2,"{'dimensions': [1, 1, 1], 'recursive_limit': 6, 'mass': 1, 'position': [0.0, 0.5, 0.0], 'joint_position': [0.0, 1.0, 0.0], 'joint_axis': '0.376  0.9215 0.8244', 'connections': [3]}"
3,"{'dimensions': [1, 1, 1], 'recursive_limit': 5, 'mass': 1, 'position': [0.0, 0.5, 0.0], 'joint_position': [0.0, 1.0, 0.0], 'joint_axis': ' 0.8994  0.8514 -0.2335', 'connections': [4]}"
4,"{'dimensions': [1, 1, 1], 'recursive_limit': 4, 'mass': 1, 'position': [0.0, 0.5, 0.0], 'joint_position': [0.0, 1.0, 0.0], 'joint_axis': '-0.7431  0.9458 -0.3564', 'connections': [5]}"
5,"{'dimensions': [1, 1, 1], 'recursive_limit': 3, 'mass': 1, 'position': [0.0, 0.5, 0.0], 'joint_position': [0.0, 1.0, 0.0], 'joint_axis': '-0.0852  0.3357 -0.7414', 'connections': [6]}"
6,"{'dimensions': [1, 1, 1], 'recursive_limit': 2, 'mass': 1, 'position': [0.0, 0.5, 0.0], 'joint_position': [0.0, 1.0, 0.0], 'joint_axis': '-0.5398 -0.7709 -0.3957', 'connections': [7]}"
7,"{'dimensions': [1, 1, 1], 'recursive_limit': 1, 'mass': 0.9993, 'position': [0.0, 0.5, 0.0], 'joint_position': [0.0, 1.0, 0.0], 'joint_axis': '-0.6454 -0.6615  0.9076', 'connections': []}"



0,"{'dimensions': [1, 1, 1], 'recursive_limit': 8, 'mass': 1, 'position': [0, 0, 0.5], 'joint_position': [0, 0.5, 0.5], 'joint_axis': ' 0.1416  0.1754 -0.1841', 'connections': [1]}"
1,"{'dimensions': [1, 1, 1], 'recursive_limit': 7, 'mass': 1, 'position': [0.0, 0.5, 0.0], 'joint_position': [0.0, 1.0, 0.0], 'joint_axis': '-0.3886  0.9921 -0.915 ', 'connections': [2]}"
2,"{'dimensions': [1, 1, 1], 'recursive_limit': 6, 'mass': 1, 'position': [0.0, 0.5, 0.0], 'joint_position': [0.0, 1.0, 0.0], 'joint_axis': ' 0.2753 -0.6004 -0.1346', 'connections': [3]}"
3,"{'dimensions': [1, 1, 1], 'recursive_limit': 5, 'mass': 1, 'position': [0.0, 0.5, 0.0], 'joint_position': [0.0, 1.0, 0.0], 'joint_axis': ' 0.0095  0.0028 -0.6336', 'connections': [4]}"
4,"{'dimensions': [1, 1, 1], 'recursive_limit': 4, 'mass': 1, 'position': [0.0, 0.5, 0.0], 'joint_position': [0.0, 1.0, 0.0], 'joint_axis': '-0.443  -0.6872  0.7365', 'connections': [5]}"
5,"{'dimensions': [1, 1, 1], 'recursive_limit': 3, 'mass': 1, 'position': [0.0, 0.5, 0.0], 'joint_position': [0.0, 1.0, 0.0], 'joint_axis': ' 0.2689 -0.2493  0.6316', 'connections': [6]}"
6,"{'dimensions': [1, 1, 1], 'recursive_limit': 2, 'mass': 1, 'position': [0.0, 0.5, 0.0], 'joint_position': [0.0, 1.0, 0.0], 'joint_axis': '-0.4159  0.7425  0.5708', 'connections': [7]}"
7,"{'dimensions': [1, 1, 1], 'recursive_limit': 1, 'mass': 0.9999, 'position': [0.0, 0.5, 0.0], 'joint_position': [0.0, 1.0, 0.0], 'joint_axis': '-0.7428 -0.3671 -0.8321', 'connections': []}"

0,"{'dimensions': [1, 1, 1], 'recursive_limit': 8, 'mass': 1, 'position': [0, 0, 0.5], 'joint_position': [0, 0.5, 0.5], 'joint_axis': ' 0.6683 -0.1342  0.5376', 'connections': [1]}"
1,"{'dimensions': [1, 1, 1], 'recursive_limit': 7, 'mass': 1, 'position': [0.0, 0.5, 0.0], 'joint_position': [0.0, 1.0, 0.0], 'joint_axis': '-0.6768  0.7879  0.8007', 'connections': [2]}"
2,"{'dimensions': [1, 1, 1], 'recursive_limit': 6, 'mass': 1, 'position': [0.0, 0.5, 0.0], 'joint_position': [0.0, 1.0, 0.0], 'joint_axis': '-0.5375 -0.9029  0.919 ', 'connections': [3]}"
3,"{'dimensions': [1, 1, 1], 'recursive_limit': 5, 'mass': 1, 'position': [0.0, 0.5, 0.0], 'joint_position': [0.0, 1.0, 0.0], 'joint_axis': ' 0.9176 -0.1885 -0.9586', 'connections': [4]}"
4,"{'dimensions': [1, 1, 1], 'recursive_limit': 4, 'mass': 1, 'position': [0.0, 0.5, 0.0], 'joint_position': [0.0, 1.0, 0.0], 'joint_axis': '-0.1693 -0.7166  0.9788', 'connections': [5]}"
5,"{'dimensions': [1, 1, 1], 'recursive_limit': 3, 'mass': 1, 'position': [0.0, 0.5, 0.0], 'joint_position': [0.0, 1.0, 0.0], 'joint_axis': '-0.0686 -0.2174 -0.5099', 'connections': [6]}"
6,"{'dimensions': [1, 1, 1], 'recursive_limit': 2, 'mass': 1, 'position': [0.0, 0.5, 0.0], 'joint_position': [0.0, 1.0, 0.0], 'joint_axis': '-0.4476  0.3657  0.5177', 'connections': [7]}"
7,"{'dimensions': [1, 1, 1], 'recursive_limit': 1, 'mass': 0.9998, 'position': [0.0, 0.5, 0.0], 'joint_position': [0.0, 1.0, 0.0], 'joint_axis': '-0.1195  0.6055  0.8773', 'connections': []}"

0,"{'dimensions': [1, 1, 1], 'recursive_limit': 8, 'mass': 1, 'position': [0, 0, 0.5], 'joint_position': [0, 0.5, 0.5], 'joint_axis': '-0.0966  0.9541  0.4378', 'connections': [1]}"
1,"{'dimensions': [1, 1, 1], 'recursive_limit': 7, 'mass': 1, 'position': [0.0, 0.5, 0.0], 'joint_position': [0.0, 1.0, 0.0], 'joint_axis': '-0.953  -0.093   0.4054', 'connections': [2]}"
2,"{'dimensions': [1, 1, 1], 'recursive_limit': 6, 'mass': 1, 'position': [0.0, 0.5, 0.0], 'joint_position': [0.0, 1.0, 0.0], 'joint_axis': ' 0.8654  0.4986 -0.7892', 'connections': [3]}"
3,"{'dimensions': [1, 1, 1], 'recursive_limit': 5, 'mass': 1, 'position': [0.0, 0.5, 0.0], 'joint_position': [0.0, 1.0, 0.0], 'joint_axis': ' 0.7967  0.6348 -0.4041', 'connections': [4]}"
4,"{'dimensions': [1, 1, 1], 'recursive_limit': 4, 'mass': 1, 'position': [0.0, 0.5, 0.0], 'joint_position': [0.0, 1.0, 0.0], 'joint_axis': '-0.0124 -0.6284 -0.6074', 'connections': [5]}"
5,"{'dimensions': [1, 1, 1], 'recursive_limit': 3, 'mass': 1, 'position': [0.0, 0.5, 0.0], 'joint_position': [0.0, 1.0, 0.0], 'joint_axis': ' 0.6013 -0.4253 -0.4308', 'connections': [6]}"
6,"{'dimensions': [1, 1, 1], 'recursive_limit': 2, 'mass': 1, 'position': [0.0, 0.5, 0.0], 'joint_position': [0.0, 1.0, 0.0], 'joint_axis': ' 0.0304  0.1422 -0.498 ', 'connections': [7]}"
7,"{'dimensions': [1, 1, 1], 'recursive_limit': 1, 'mass': 0.9994, 'position': [0.0, 0.5, 0.0], 'joint_position': [0.0, 1.0, 0.0], 'joint_axis': '-0.7732  0.4623  0.0354', 'connections': []}"

0,"{'dimensions': [1, 1, 1], 'recursive_limit': 8, 'mass': 1, 'position': [0, 0, 0.5], 'joint_position': [0, 0.5, 0.5], 'joint_axis': '-0.0374  0.9363  0.3605', 'connections': [1]}"
1,"{'dimensions': [1, 1, 1], 'recursive_limit': 7, 'mass': 1, 'position': [0.0, 0.5, 0.0], 'joint_position': [0.0, 1.0, 0.0], 'joint_axis': '0.3383 0.4557 0.5149', 'connections': [2]}"
2,"{'dimensions': [1, 1, 1], 'recursive_limit': 6, 'mass': 1, 'position': [0.0, 0.5, 0.0], 'joint_position': [0.0, 1.0, 0.0], 'joint_axis': ' 0.4756  0.6304 -0.1661', 'connections': [3]}"
3,"{'dimensions': [1, 1, 1], 'recursive_limit': 5, 'mass': 1, 'position': [0.0, 0.5, 0.0], 'joint_position': [0.0, 1.0, 0.0], 'joint_axis': '-0.6425  0.498   0.6262', 'connections': [4]}"
4,"{'dimensions': [1, 1, 1], 'recursive_limit': 4, 'mass': 1, 'position': [0.0, 0.5, 0.0], 'joint_position': [0.0, 1.0, 0.0], 'joint_axis': ' 0.1219 -0.9856 -0.4501', 'connections': [5]}"
5,"{'dimensions': [1, 1, 1], 'recursive_limit': 3, 'mass': 1, 'position': [0.0, 0.5, 0.0], 'joint_position': [0.0, 1.0, 0.0], 'joint_axis': '0.5696 0.5465 0.034 ', 'connections': [6]}"
6,"{'dimensions': [1, 1, 1], 'recursive_limit': 2, 'mass': 1, 'position': [0.0, 0.5, 0.0], 'joint_position': [0.0, 1.0, 0.0], 'joint_axis': '-0.1899  0.6244 -0.6043', 'connections': [7]}"
7,"{'dimensions': [1, 1, 1], 'recursive_limit': 1, 'mass': 0.9993, 'position': [0.0, 0.5, 0.0], 'joint_position': [0.0, 1.0, 0.0], 'joint_axis': '-0.5814 -0.6374 -0.9003', 'connections': []}"

0,"{'dimensions': [1, 1, 1], 'recursive_limit': 8, 'mass': 1, 'position': [0, 0, 0.5], 'joint_position': [0, 0.5, 0.5], 'joint_axis': ' 0.4665  0.8101 -0.1423', 'connections': [1]}"
1,"{'dimensions': [1, 1, 1], 'recursive_limit': 7, 'mass': 1, 'position': [0.0, 0.5, 0.0], 'joint_position': [0.0, 1.0, 0.0], 'joint_axis': '-0.7222 -0.3116  0.0795', 'connections': [2]}"
2,"{'dimensions': [1, 1, 1], 'recursive_limit': 6, 'mass': 1, 'position': [0.0, 0.5, 0.0], 'joint_position': [0.0, 1.0, 0.0], 'joint_axis': '0.376  0.9215 0.8244', 'connections': [3]}"
3,"{'dimensions': [1, 1, 1], 'recursive_limit': 5, 'mass': 1, 'position': [0.0, 0.5, 0.0], 'joint_position': [0.0, 1.0, 0.0], 'joint_axis': ' 0.8994  0.8514 -0.2335', 'connections': [4]}"
4,"{'dimensions': [1, 1, 1], 'recursive_limit': 4, 'mass': 1, 'position': [0.0, 0.5, 0.0], 'joint_position': [0.0, 1.0, 0.0], 'joint_axis': '-0.7431  0.9458 -0.3564', 'connections': [5]}"
5,"{'dimensions': [1, 1, 1], 'recursive_limit': 3, 'mass': 1, 'position': [0.0, 0.5, 0.0], 'joint_position': [0.0, 1.0, 0.0], 'joint_axis': '-0.0852  0.3357 -0.7414', 'connections': [6]}"
6,"{'dimensions': [1, 1, 1], 'recursive_limit': 2, 'mass': 1, 'position': [0.0, 0.5, 0.0], 'joint_position': [0.0, 1.0, 0.0], 'joint_axis': '-0.5398 -0.7709 -0.3957', 'connections': [7]}"
7,"{'dimensions': [1, 1, 1], 'recursive_limit': 1, 'mass': 0.9993, 'position': [0.0, 0.5, 0.0], 'joint_position': [0.0, 1.0, 0.0], 'joint_axis': '-0.6454 -0.6615  0.9076', 'connections': []}"



0,"{'dimensions': [1, 1, 1], 'recursive_limit': 8, 'mass': 1, 'position': [0, 0, 0.5], 'joint_position': [0, 0.5, 0.5], 'joint_axis': ' 0.1416  0.1754 -0.1841', 'connections': [1]}"
1,"{'dimensions': [1, 1, 1], 'recursive_limit': 7, 'mass': 1, 'position': [0.0, 0.5, 0.0], 'joint_position': [0.0, 1.0, 0.0], 'joint_axis': '-0.3886  0.9921 -0.915 ', 'connections': [2]}"
2,"{'dimensions': [1, 1, 1], 'recursive_limit': 6, 'mass': 1, 'position': [0.0, 0.5, 0.0], 'joint_position': [0.0, 1.0, 0.0], 'joint_axis': ' 0.2753 -0.6004 -0.1346', 'connections': [3]}"
3,"{'dimensions': [1, 1, 1], 'recursive_limit': 5, 'mass': 1, 'position': [0.0, 0.5, 0.0], 'joint_position': [0.0, 1.0, 0.0], 'joint_axis': ' 0.0095  0.0028 -0.6336', 'connections': [4]}"
4,"{'dimensions': [1, 1, 1], 'recursive_limit': 4, 'mass': 1, 'position': [0.0, 0.5, 0.0], 'joint_position': [0.0, 1.0, 0.0], 'joint_axis': '-0.443  -0.6872  0.7365', 'connections': [5]}"
5,"{'dimensions': [1, 1, 1], 'recursive_limit': 3, 'mass': 1, 'position': [0.0, 0.5, 0.0], 'joint_position': [0.0, 1.0, 0.0], 'joint_axis': ' 0.2689 -0.2493  0.6316', 'connections': [6]}"
6,"{'dimensions': [1, 1, 1], 'recursive_limit': 2, 'mass': 1, 'position': [0.0, 0.5, 0.0], 'joint_position': [0.0, 1.0, 0.0], 'joint_axis': '-0.4159  0.7425  0.5708', 'connections': [7]}"
7,"{'dimensions': [1, 1, 1], 'recursive_limit': 1, 'mass': 0.9999, 'position': [0.0, 0.5, 0.0], 'joint_position': [0.0, 1.0, 0.0], 'joint_axis': '-0.7428 -0.3671 -0.8321', 'connections': []}"

0,"{'dimensions': [1, 1, 1], 'recursive_limit': 8, 'mass': 1, 'position': [0, 0, 0.5], 'joint_position': [0, 0.5, 0.5], 'joint_axis': ' 0.6683 -0.1342  0.5376', 'connections': [1]}"
1,"{'dimensions': [1, 1, 1], 'recursive_limit': 7, 'mass': 1, 'position': [0.0, 0.5, 0.0], 'joint_position': [0.0, 1.0, 0.0], 'joint_axis': '-0.6768  0.7879  0.8007', 'connections': [2]}"
2,"{'dimensions': [1, 1, 1], 'recursive_limit': 6, 'mass': 1, 'position': [0.0, 0.5, 0.0], 'joint_position': [0.0, 1.0, 0.0], 'joint_axis': '-0.5375 -0.9029  0.919 ', 'connections': [3]}"
3,"{'dimensions': [1, 1, 1], 'recursive_limit': 5, 'mass': 1, 'position': [0.0, 0.5, 0.0], 'joint_position': [0.0, 1.0, 0.0], 'joint_axis': ' 0.9176 -0.1885 -0.9586', 'connections': [4]}"
4,"{'dimensions': [1, 1, 1], 'recursive_limit': 4, 'mass': 1, 'position': [0.0, 0.5, 0.0], 'joint_position': [0.0, 1.0, 0.0], 'joint_axis': '-0.1693 -0.7166  0.9788', 'connections': [5]}"
5,"{'dimensions': [1, 1, 1], 'recursive_limit': 3, 'mass': 1, 'position': [0.0, 0.5, 0.0], 'joint_position': [0.0, 1.0, 0.0], 'joint_axis': '-0.0686 -0.2174 -0.5099', 'connections': [6]}"
6,"{'dimensions': [1, 1, 1], 'recursive_limit': 2, 'mass': 1, 'position': [0.0, 0.5, 0.0], 'joint_position': [0.0, 1.0, 0.0], 'joint_axis': '-0.4476  0.3657  0.5177', 'connections': [7]}"
7,"{'dimensions': [1, 1, 1], 'recursive_limit': 1, 'mass': 0.9998, 'position': [0.0, 0.5, 0.0], 'joint_position': [0.0, 1.0, 0.0], 'joint_axis': '-0.1195  0.6055  0.8773', 'connections': []}"

0,"{'dimensions': [1, 1, 1], 'recursive_limit': 8, 'mass': 1, 'position': [0, 0, 0.5], 'joint_position': [0, 0.5, 0.5], 'joint_axis': '-0.0966  0.9541  0.4378', 'connections': [1]}"
1,"{'dimensions': [1, 1, 1], 'recursive_limit': 7, 'mass': 1, 'position': [0.0, 0.5, 0.0], 'joint_position': [0.0, 1.0, 0.0], 'joint_axis': '-0.953  -0.093   0.4054', 'connections': [2]}"
2,"{'dimensions': [1, 1, 1], 'recursive_limit': 6, 'mass': 1, 'position': [0.0, 0.5, 0.0], 'joint_position': [0.0, 1.0, 0.0], 'joint_axis': ' 0.8654  0.4986 -0.7892', 'connections': [3]}"
3,"{'dimensions': [1, 1, 1], 'recursive_limit': 5, 'mass': 1, 'position': [0.0, 0.5, 0.0], 'joint_position': [0.0, 1.0, 0.0], 'joint_axis': ' 0.7967  0.6348 -0.4041', 'connections': [4]}"
4,"{'dimensions': [1, 1, 1], 'recursive_limit': 4, 'mass': 1, 'position': [0.0, 0.5, 0.0], 'joint_position': [0.0, 1.0, 0.0], 'joint_axis': '-0.0124 -0.6284 -0.6074', 'connections': [5]}"
5,"{'dimensions': [1, 1, 1], 'recursive_limit': 3, 'mass': 1, 'position': [0.0, 0.5, 0.0], 'joint_position': [0.0, 1.0, 0.0], 'joint_axis': ' 0.6013 -0.4253 -0.4308', 'connections': [6]}"
6,"{'dimensions': [1, 1, 1], 'recursive_limit': 2, 'mass': 1, 'position': [0.0, 0.5, 0.0], 'joint_position': [0.0, 1.0, 0.0], 'joint_axis': ' 0.0304  0.1422 -0.498 ', 'connections': [7]}"
7,"{'dimensions': [1, 1, 1], 'recursive_limit': 1, 'mass': 0.9994, 'position': [0.0, 0.5, 0.0], 'joint_position': [0.0, 1.0, 0.0], 'joint_axis': '-0.7732  0.4623  0.0354', 'connections': []}"

0,"{'dimensions': [1, 1, 1], 'recursive_limit': 8, 'mass': 1, 'position': [0, 0, 0.5], 'joint_position': [0, 0.5, 0.5], 'joint_axis': '-0.0374  0.9363  0.3605', 'connections': [1]}"
1,"{'dimensions': [1, 1, 1], 'recursive_limit': 7, 'mass': 1, 'position': [0.0, 0.5, 0.0], 'joint_position': [0.0, 1.0, 0.0], 'joint_axis': '0.3383 0.4557 0.5149', 'connections': [2]}"
2,"{'dimensions': [1, 1, 1], 'recursive_limit': 6, 'mass': 1, 'position': [0.0, 0.5, 0.0], 'joint_position': [0.0, 1.0, 0.0], 'joint_axis': ' 0.4756  0.6304 -0.1661', 'connections': [3]}"
3,"{'dimensions': [1, 1, 1], 'recursive_limit': 5, 'mass': 1, 'position': [0.0, 0.5, 0.0], 'joint_position': [0.0, 1.0, 0.0], 'joint_axis': '-0.6425  0.498   0.6262', 'connections': [4]}"
4,"{'dimensions': [1, 1, 1], 'recursive_limit': 4, 'mass': 1, 'position': [0.0, 0.5, 0.0], 'joint_position': [0.0, 1.0, 0.0], 'joint_axis': ' 0.1219 -0.9856 -0.4501', 'connections': [5]}"
5,"{'dimensions': [1, 1, 1], 'recursive_limit': 3, 'mass': 1, 'position': [0.0, 0.5, 0.0], 'joint_position': [0.0, 1.0, 0.0], 'joint_axis': '0.5696 0.5465 0.034 ', 'connections': [6]}"
6,"{'dimensions': [1, 1, 1], 'recursive_limit': 2, 'mass': 1, 'position': [0.0, 0.5, 0.0], 'joint_position': [0.0, 1.0, 0.0], 'joint_axis': '-0.1899  0.6244 -0.6043', 'connections': [7]}"
7,"{'dimensions': [1, 1, 1], 'recursive_limit': 1, 'mass': 0.9993, 'position': [0.0, 0.5, 0.0], 'joint_position': [0.0, 1.0, 0.0], 'joint_axis': '-0.5814 -0.6374 -0.9003', 'connections': []}"

0,"{'dimensions': [1, 1, 1], 'recursive_limit': 8, 'mass': 1, 'position': [0, 0, 0.5], 'joint_position': [0, 0.5, 0.5], 'joint_axis': ' 0.4665  0.8101 -0.1423', 'connections': [1]}"
1,"{'dimensions': [1, 1, 1], 'recursive_limit': 7, 'mass': 1, 'position': [0.0, 0.5, 0.0], 'joint_position': [0.0, 1.0, 0.0], 'joint_axis': '-0.7222 -0.3116  0.0795', 'connections': [2]}"
2,"{'dimensions': [1, 1, 1], 'recursive_limit': 6, 'mass': 1, 'position': [0.0, 0.5, 0.0], 'joint_position': [0.0, 1.0, 0.0], 'joint_axis': '0.376  0.9215 0.8244', 'connections': [3]}"
3,"{'dimensions': [1, 1, 1], 'recursive_limit': 5, 'mass': 1, 'position': [0.0, 0.5, 0.0], 'joint_position': [0.0, 1.0, 0.0], 'joint_axis': ' 0.8994  0.8514 -0.2335', 'connections': [4]}"
4,"{'dimensions': [1, 1, 1], 'recursive_limit': 4, 'mass': 1, 'position': [0.0, 0.5, 0.0], 'joint_position': [0.0, 1.0, 0.0], 'joint_axis': '-0.7431  0.9458 -0.3564', 'connections': [5]}"
5,"{'dimensions': [1, 1, 1], 'recursive_limit': 3, 'mass': 1, 'position': [0.0, 0.5, 0.0], 'joint_position': [0.0, 1.0, 0.0], 'joint_axis': '-0.0852  0.3357 -0.7414', 'connections': [6]}"
6,"{'dimensions': [1, 1, 1], 'recursive_limit': 2, 'mass': 1, 'position': [0.0, 0.5, 0.0], 'joint_position': [0.0, 1.0, 0.0], 'joint_axis': '-0.5398 -0.7709 -0.3957', 'connections': [7]}"
7,"{'dimensions': [1, 1, 1], 'recursive_limit': 1, 'mass': 0.9993, 'position': [0.0, 0.5, 0.0], 'joint_position': [0.0, 1.0, 0.0], 'joint_axis': '-0.6454 -0.6615  0.9076', 'connections': []}"



0,"{'dimensions': [1, 1, 1], 'recursive_limit': 8, 'mass': 1, 'position': [0, 0, 0.5], 'joint_position': [0, 0.5, 0.5], 'joint_axis': ' 0.1416  0.1754 -0.1841', 'connections': [1]}"
1,"{'dimensions': [1, 1, 1], 'recursive_limit': 7, 'mass': 1, 'position': [0.0, 0.5, 0.0], 'joint_position': [0.0, 1.0, 0.0], 'joint_axis': '-0.3886  0.9921 -0.915 ', 'connections': [2]}"
2,"{'dimensions': [1, 1, 1], 'recursive_limit': 6, 'mass': 1, 'position': [0.0, 0.5, 0.0], 'joint_position': [0.0, 1.0, 0.0], 'joint_axis': ' 0.2753 -0.6004 -0.1346', 'connections': [3]}"
3,"{'dimensions': [1, 1, 1], 'recursive_limit': 5, 'mass': 1, 'position': [0.0, 0.5, 0.0], 'joint_position': [0.0, 1.0, 0.0], 'joint_axis': ' 0.0095  0.0028 -0.6336', 'connections': [4]}"
4,"{'dimensions': [1, 1, 1], 'recursive_limit': 4, 'mass': 1, 'position': [0.0, 0.5, 0.0], 'joint_position': [0.0, 1.0, 0.0], 'joint_axis': '-0.443  -0.6872  0.7365', 'connections': [5]}"
5,"{'dimensions': [1, 1, 1], 'recursive_limit': 3, 'mass': 1, 'position': [0.0, 0.5, 0.0], 'joint_position': [0.0, 1.0, 0.0], 'joint_axis': ' 0.2689 -0.2493  0.6316', 'connections': [6]}"
6,"{'dimensions': [1, 1, 1], 'recursive_limit': 2, 'mass': 1, 'position': [0.0, 0.5, 0.0], 'joint_position': [0.0, 1.0, 0.0], 'joint_axis': '-0.4159  0.7425  0.5708', 'connections': [7]}"
7,"{'dimensions': [1, 1, 1], 'recursive_limit': 1, 'mass': 0.9999, 'position': [0.0, 0.5, 0.0], 'joint_position': [0.0, 1.0, 0.0], 'joint_axis': '-0.7428 -0.3671 -0.8321', 'connections': []}"

0,"{'dimensions': [1, 1, 1], 'recursive_limit': 8, 'mass': 1, 'position': [0, 0, 0.5], 'joint_position': [0, 0.5, 0.5], 'joint_axis': ' 0.6683 -0.1342  0.5376', 'connections': [1]}"
1,"{'dimensions': [1, 1, 1], 'recursive_limit': 7, 'mass': 1, 'position': [0.0, 0.5, 0.0], 'joint_position': [0.0, 1.0, 0.0], 'joint_axis': '-0.6768  0.7879  0.8007', 'connections': [2]}"
2,"{'dimensions': [1, 1, 1], 'recursive_limit': 6, 'mass': 1, 'position': [0.0, 0.5, 0.0], 'joint_position': [0.0, 1.0, 0.0], 'joint_axis': '-0.5375 -0.9029  0.919 ', 'connections': [3]}"
3,"{'dimensions': [1, 1, 1], 'recursive_limit': 5, 'mass': 1, 'position': [0.0, 0.5, 0.0], 'joint_position': [0.0, 1.0, 0.0], 'joint_axis': ' 0.9176 -0.1885 -0.9586', 'connections': [4]}"
4,"{'dimensions': [1, 1, 1], 'recursive_limit': 4, 'mass': 1, 'position': [0.0, 0.5, 0.0], 'joint_position': [0.0, 1.0, 0.0], 'joint_axis': '-0.1693 -0.7166  0.9788', 'connections': [5]}"
5,"{'dimensions': [1, 1, 1], 'recursive_limit': 3, 'mass': 1, 'position': [0.0, 0.5, 0.0], 'joint_position': [0.0, 1.0, 0.0], 'joint_axis': '-0.0686 -0.2174 -0.5099', 'connections': [6]}"
6,"{'dimensions': [1, 1, 1], 'recursive_limit': 2, 'mass': 1, 'position': [0.0, 0.5, 0.0], 'joint_position': [0.0, 1.0, 0.0], 'joint_axis': '-0.4476  0.3657  0.5177', 'connections': [7]}"
7,"{'dimensions': [1, 1, 1], 'recursive_limit': 1, 'mass': 0.9998, 'position': [0.0, 0.5, 0.0], 'joint_position': [0.0, 1.0, 0.0], 'joint_axis': '-0.1195  0.6055  0.8773', 'connections': []}"

0,"{'dimensions': [1, 1, 1], 'recursive_limit': 8, 'mass': 1, 'position': [0, 0, 0.5], 'joint_position': [0, 0.5, 0.5], 'joint_axis': '-0.0966  0.9541  0.4378', 'connections': [1]}"
1,"{'dimensions': [1, 1, 1], 'recursive_limit': 7, 'mass': 1, 'position': [0.0, 0.5, 0.0], 'joint_position': [0.0, 1.0, 0.0], 'joint_axis': '-0.953  -0.093   0.4054', 'connections': [2]}"
2,"{'dimensions': [1, 1, 1], 'recursive_limit': 6, 'mass': 1, 'position': [0.0, 0.5, 0.0], 'joint_position': [0.0, 1.0, 0.0], 'joint_axis': ' 0.8654  0.4986 -0.7892', 'connections': [3]}"
3,"{'dimensions': [1, 1, 1], 'recursive_limit': 5, 'mass': 1, 'position': [0.0, 0.5, 0.0], 'joint_position': [0.0, 1.0, 0.0], 'joint_axis': ' 0.7967  0.6348 -0.4041', 'connections': [4]}"
4,"{'dimensions': [1, 1, 1], 'recursive_limit': 4, 'mass': 1, 'position': [0.0, 0.5, 0.0], 'joint_position': [0.0, 1.0, 0.0], 'joint_axis': '-0.0124 -0.6284 -0.6074', 'connections': [5]}"
5,"{'dimensions': [1, 1, 1], 'recursive_limit': 3, 'mass': 1, 'position': [0.0, 0.5, 0.0], 'joint_position': [0.0, 1.0, 0.0], 'joint_axis': ' 0.6013 -0.4253 -0.4308', 'connections': [6]}"
6,"{'dimensions': [1, 1, 1], 'recursive_limit': 2, 'mass': 1, 'position': [0.0, 0.5, 0.0], 'joint_position': [0.0, 1.0, 0.0], 'joint_axis': ' 0.0304  0.1422 -0.498 ', 'connections': [7]}"
7,"{'dimensions': [1, 1, 1], 'recursive_limit': 1, 'mass': 0.9994, 'position': [0.0, 0.5, 0.0], 'joint_position': [0.0, 1.0, 0.0], 'joint_axis': '-0.7732  0.4623  0.0354', 'connections': []}"

0,"{'dimensions': [1, 1, 1], 'recursive_limit': 8, 'mass': 1, 'position': [0, 0, 0.5], 'joint_position': [0, 0.5, 0.5], 'joint_axis': '-0.0374  0.9363  0.3605', 'connections': [1]}"
1,"{'dimensions': [1, 1, 1], 'recursive_limit': 7, 'mass': 1, 'position': [0.0, 0.5, 0.0], 'joint_position': [0.0, 1.0, 0.0], 'joint_axis': '0.3383 0.4557 0.5149', 'connections': [2]}"
2,"{'dimensions': [1, 1, 1], 'recursive_limit': 6, 'mass': 1, 'position': [0.0, 0.5, 0.0], 'joint_position': [0.0, 1.0, 0.0], 'joint_axis': ' 0.4756  0.6304 -0.1661', 'connections': [3]}"
3,"{'dimensions': [1, 1, 1], 'recursive_limit': 5, 'mass': 1, 'position': [0.0, 0.5, 0.0], 'joint_position': [0.0, 1.0, 0.0], 'joint_axis': '-0.6425  0.498   0.6262', 'connections': [4]}"
4,"{'dimensions': [1, 1, 1], 'recursive_limit': 4, 'mass': 1, 'position': [0.0, 0.5, 0.0], 'joint_position': [0.0, 1.0, 0.0], 'joint_axis': ' 0.1219 -0.9856 -0.4501', 'connections': [5]}"
5,"{'dimensions': [1, 1, 1], 'recursive_limit': 3, 'mass': 1, 'position': [0.0, 0.5, 0.0], 'joint_position': [0.0, 1.0, 0.0], 'joint_axis': '0.5696 0.5465 0.034 ', 'connections': [6]}"
6,"{'dimensions': [1, 1, 1], 'recursive_limit': 2, 'mass': 1, 'position': [0.0, 0.5, 0.0], 'joint_position': [0.0, 1.0, 0.0], 'joint_axis': '-0.1899  0.6244 -0.6043', 'connections': [7]}"
7,"{'dimensions': [1, 1, 1], 'recursive_limit': 1, 'mass': 0.9993, 'position': [0.0, 0.5, 0.0], 'joint_position': [0.0, 1.0, 0.0], 'joint_axis': '-0.5814 -0.6374 -0.9003', 'connections': []}"

0,"{'dimensions': [1, 1, 1], 'recursive_limit': 8, 'mass': 1, 'position': [0, 0, 0.5], 'joint_position': [0, 0.5, 0.5], 'joint_axis': ' 0.4665  0.8101 -0.1423', 'connections': [1]}"
1,"{'dimensions': [1, 1, 1], 'recursive_limit': 7, 'mass': 1, 'position': [0.0, 0.5, 0.0], 'joint_position': [0.0, 1.0, 0.0], 'joint_axis': '-0.7222 -0.3116  0.0795', 'connections': [2]}"
2,"{'dimensions': [1, 1, 1], 'recursive_limit': 6, 'mass': 1, 'position': [0.0, 0.5, 0.0], 'joint_position': [0.0, 1.0, 0.0], 'joint_axis': '0.376  0.9215 0.8244', 'connections': [3]}"
3,"{'dimensions': [1, 1, 1], 'recursive_limit': 5, 'mass': 1, 'position': [0.0, 0.5, 0.0], 'joint_position': [0.0, 1.0, 0.0], 'joint_axis': ' 0.8994  0.8514 -0.2335', 'connections': [4]}"
4,"{'dimensions': [1, 1, 1], 'recursive_limit': 4, 'mass': 1, 'position': [0.0, 0.5, 0.0], 'joint_position': [0.0, 1.0, 0.0], 'joint_axis': '-0.7431  0.9458 -0.3564', 'connections': [5]}"
5,"{'dimensions': [1, 1, 1], 'recursive_limit': 3, 'mass': 1, 'position': [0.0, 0.5, 0.0], 'joint_position': [0.0, 1.0, 0.0], 'joint_axis': '-0.0852  0.3357 -0.7414', 'connections': [6]}"
6,"{'dimensions': [1, 1, 1], 'recursive_limit': 2, 'mass': 1, 'position': [0.0, 0.5, 0.0], 'joint_position': [0.0, 1.0, 0.0], 'joint_axis': '-0.5398 -0.7709 -0.3957', 'connections': [7]}"
7,"{'dimensions': [1, 1, 1], 'recursive_limit': 1, 'mass': 0.9993, 'position': [0.0, 0.5, 0.0], 'joint_position': [0.0, 1.0, 0.0], 'joint_axis': '-0.6454 -0.6615  0.9076', 'connections': []}"



0,"{'dimensions': [1, 1, 1], 'recursive_limit': 8, 'mass': 1, 'position': [0, 0, 0.5], 'joint_position': [0, 0.5, 0.5], 'joint_axis': ' 0.1416  0.1754 -0.1841', 'connections': [1]}"
1,"{'dimensions': [1, 1, 1], 'recursive_limit': 7, 'mass': 1, 'position': [0.0, 0.5, 0.0], 'joint_position': [0.0, 1.0, 0.0], 'joint_axis': '-0.3886  0.9921 -0.915 ', 'connections': [2]}"
2,"{'dimensions': [1, 1, 1], 'recursive_limit': 6, 'mass': 1, 'position': [0.0, 0.5, 0.0], 'joint_position': [0.0, 1.0, 0.0], 'joint_axis': ' 0.2753 -0.6004 -0.1346', 'connections': [3]}"
3,"{'dimensions': [1, 1, 1], 'recursive_limit': 5, 'mass': 1, 'position': [0.0, 0.5, 0.0], 'joint_position': [0.0, 1.0, 0.0], 'joint_axis': ' 0.0095  0.0028 -0.6336', 'connections': [4]}"
4,"{'dimensions': [1, 1, 1], 'recursive_limit': 4, 'mass': 1, 'position': [0.0, 0.5, 0.0], 'joint_position': [0.0, 1.0, 0.0], 'joint_axis': '-0.443  -0.6872  0.7365', 'connections': [5]}"
5,"{'dimensions': [1, 1, 1], 'recursive_limit': 3, 'mass': 1, 'position': [0.0, 0.5, 0.0], 'joint_position': [0.0, 1.0, 0.0], 'joint_axis': ' 0.2689 -0.2493  0.6316', 'connections': [6]}"
6,"{'dimensions': [1, 1, 1], 'recursive_limit': 2, 'mass': 1, 'position': [0.0, 0.5, 0.0], 'joint_position': [0.0, 1.0, 0.0], 'joint_axis': '-0.4159  0.7425  0.5708', 'connections': [7]}"
7,"{'dimensions': [1, 1, 1], 'recursive_limit': 1, 'mass': 0.9999, 'position': [0.0, 0.5, 0.0], 'joint_position': [0.0, 1.0, 0.0], 'joint_axis': '-0.7428 -0.3671 -0.8321', 'connections': []}"

0,"{'dimensions': [1, 1, 1], 'recursive_limit': 8, 'mass': 1, 'position': [0, 0, 0.5], 'joint_position': [0, 0.5, 0.5], 'joint_axis': ' 0.6683 -0.1342  0.5376', 'connections': [1]}"
1,"{'dimensions': [1, 1, 1], 'recursive_limit': 7, 'mass': 1, 'position': [0.0, 0.5, 0.0], 'joint_position': [0.0, 1.0, 0.0], 'joint_axis': '-0.6768  0.7879  0.8007', 'connections': [2]}"
2,"{'dimensions': [1, 1, 1], 'recursive_limit': 6, 'mass': 1, 'position': [0.0, 0.5, 0.0], 'joint_position': [0.0, 1.0, 0.0], 'joint_axis': '-0.5375 -0.9029  0.919 ', 'connections': [3]}"
3,"{'dimensions': [1, 1, 1], 'recursive_limit': 5, 'mass': 1, 'position': [0.0, 0.5, 0.0], 'joint_position': [0.0, 1.0, 0.0], 'joint_axis': ' 0.9176 -0.1885 -0.9586', 'connections': [4]}"
4,"{'dimensions': [1, 1, 1], 'recursive_limit': 4, 'mass': 1, 'position': [0.0, 0.5, 0.0], 'joint_position': [0.0, 1.0, 0.0], 'joint_axis': '-0.1693 -0.7166  0.9788', 'connections': [5]}"
5,"{'dimensions': [1, 1, 1], 'recursive_limit': 3, 'mass': 1, 'position': [0.0, 0.5, 0.0], 'joint_position': [0.0, 1.0, 0.0], 'joint_axis': '-0.0686 -0.2174 -0.5099', 'connections': [6]}"
6,"{'dimensions': [1, 1, 1], 'recursive_limit': 2, 'mass': 1, 'position': [0.0, 0.5, 0.0], 'joint_position': [0.0, 1.0, 0.0], 'joint_axis': '-0.4476  0.3657  0.5177', 'connections': [7]}"
7,"{'dimensions': [1, 1, 1], 'recursive_limit': 1, 'mass': 0.9998, 'position': [0.0, 0.5, 0.0], 'joint_position': [0.0, 1.0, 0.0], 'joint_axis': '-0.1195  0.6055  0.8773', 'connections': []}"

0,"{'dimensions': [1, 1, 1], 'recursive_limit': 8, 'mass': 1, 'position': [0, 0, 0.5], 'joint_position': [0, 0.5, 0.5], 'joint_axis': '-0.0966  0.9541  0.4378', 'connections': [1]}"
1,"{'dimensions': [1, 1, 1], 'recursive_limit': 7, 'mass': 1, 'position': [0.0, 0.5, 0.0], 'joint_position': [0.0, 1.0, 0.0], 'joint_axis': '-0.953  -0.093   0.4054', 'connections': [2]}"
2,"{'dimensions': [1, 1, 1], 'recursive_limit': 6, 'mass': 1, 'position': [0.0, 0.5, 0.0], 'joint_position': [0.0, 1.0, 0.0], 'joint_axis': ' 0.8654  0.4986 -0.7892', 'connections': [3]}"
3,"{'dimensions': [1, 1, 1], 'recursive_limit': 5, 'mass': 1, 'position': [0.0, 0.5, 0.0], 'joint_position': [0.0, 1.0, 0.0], 'joint_axis': ' 0.7967  0.6348 -0.4041', 'connections': [4]}"
4,"{'dimensions': [1, 1, 1], 'recursive_limit': 4, 'mass': 1, 'position': [0.0, 0.5, 0.0], 'joint_position': [0.0, 1.0, 0.0], 'joint_axis': '-0.0124 -0.6284 -0.6074', 'connections': [5]}"
5,"{'dimensions': [1, 1, 1], 'recursive_limit': 3, 'mass': 1, 'position': [0.0, 0.5, 0.0], 'joint_position': [0.0, 1.0, 0.0], 'joint_axis': ' 0.6013 -0.4253 -0.4308', 'connections': [6]}"
6,"{'dimensions': [1, 1, 1], 'recursive_limit': 2, 'mass': 1, 'position': [0.0, 0.5, 0.0], 'joint_position': [0.0, 1.0, 0.0], 'joint_axis': ' 0.0304  0.1422 -0.498 ', 'connections': [7]}"
7,"{'dimensions': [1, 1, 1], 'recursive_limit': 1, 'mass': 0.9994, 'position': [0.0, 0.5, 0.0], 'joint_position': [0.0, 1.0, 0.0], 'joint_axis': '-0.7732  0.4623  0.0354', 'connections': []}"

0,"{'dimensions': [1, 1, 1], 'recursive_limit': 8, 'mass': 1, 'position': [0, 0, 0.5], 'joint_position': [0, 0.5, 0.5], 'joint_axis': '-0.0374  0.9363  0.3605', 'connections': [1]}"
1,"{'dimensions': [1, 1, 1], 'recursive_limit': 7, 'mass': 1, 'position': [0.0, 0.5, 0.0], 'joint_position': [0.0, 1.0, 0.0], 'joint_axis': '0.3383 0.4557 0.5149', 'connections': [2]}"
2,"{'dimensions': [1, 1, 1], 'recursive_limit': 6, 'mass': 1, 'position': [0.0, 0.5, 0.0], 'joint_position': [0.0, 1.0, 0.0], 'joint_axis': ' 0.4756  0.6304 -0.1661', 'connections': [3]}"
3,"{'dimensions': [1, 1, 1], 'recursive_limit': 5, 'mass': 1, 'position': [0.0, 0.5, 0.0], 'joint_position': [0.0, 1.0, 0.0], 'joint_axis': '-0.6425  0.498   0.6262', 'connections': [4]}"
4,"{'dimensions': [1, 1, 1], 'recursive_limit': 4, 'mass': 1, 'position': [0.0, 0.5, 0.0], 'joint_position': [0.0, 1.0, 0.0], 'joint_axis': ' 0.1219 -0.9856 -0.4501', 'connections': [5]}"
5,"{'dimensions': [1, 1, 1], 'recursive_limit': 3, 'mass': 1, 'position': [0.0, 0.5, 0.0], 'joint_position': [0.0, 1.0, 0.0], 'joint_axis': '0.5696 0.5465 0.034 ', 'connections': [6]}"
6,"{'dimensions': [1, 1, 1], 'recursive_limit': 2, 'mass': 1, 'position': [0.0, 0.5, 0.0], 'joint_position': [0.0, 1.0, 0.0], 'joint_axis': '-0.1899  0.6244 -0.6043', 'connections': [7]}"
7,"{'dimensions': [1, 1, 1], 'recursive_limit': 1, 'mass': 0.9993, 'position': [0.0, 0.5, 0.0], 'joint_position': [0.0, 1.0, 0.0], 'joint_axis': '-0.5814 -0.6374 -0.9003', 'connections': []}"

0,"{'dimensions': [1, 1, 1], 'recursive_limit': 8, 'mass': 1, 'position': [0, 0, 0.5], 'joint_position': [0, 0.5, 0.5], 'joint_axis': ' 0.4665  0.8101 -0.1423', 'connections': [1]}"
1,"{'dimensions': [1, 1, 1], 'recursive_limit': 7, 'mass': 1, 'position': [0.0, 0.5, 0.0], 'joint_position': [0.0, 1.0, 0.0], 'joint_axis': '-0.7222 -0.3116  0.0795', 'connections': [2]}"
2,"{'dimensions': [1, 1, 1], 'recursive_limit': 6, 'mass': 1, 'position': [0.0, 0.5, 0.0], 'joint_position': [0.0, 1.0, 0.0], 'joint_axis': '0.376  0.9215 0.8244', 'connections': [3]}"
3,"{'dimensions': [1, 1, 1], 'recursive_limit': 5, 'mass': 1, 'position': [0.0, 0.5, 0.0], 'joint_position': [0.0, 1.0, 0.0], 'joint_axis': ' 0.8994  0.8514 -0.2335', 'connections': [4]}"
4,"{'dimensions': [1, 1, 1], 'recursive_limit': 4, 'mass': 1, 'position': [0.0, 0.5, 0.0], 'joint_position': [0.0, 1.0, 0.0], 'joint_axis': '-0.7431  0.9458 -0.3564', 'connections': [5]}"
5,"{'dimensions': [1, 1, 1], 'recursive_limit': 3, 'mass': 1, 'position': [0.0, 0.5, 0.0], 'joint_position': [0.0, 1.0, 0.0], 'joint_axis': '-0.0852  0.3357 -0.7414', 'connections': [6]}"
6,"{'dimensions': [1, 1, 1], 'recursive_limit': 2, 'mass': 1, 'position': [0.0, 0.5, 0.0], 'joint_position': [0.0, 1.0, 0.0], 'joint_axis': '-0.5398 -0.7709 -0.3957', 'connections': [7]}"
7,"{'dimensions': [1, 1, 1], 'recursive_limit': 1, 'mass': 0.9993, 'position': [0.0, 0.5, 0.0], 'joint_position': [0.0, 1.0, 0.0], 'joint_axis': '-0.6454 -0.6615  0.9076', 'connections': []}"



0,"{'dimensions': [1, 1, 1], 'recursive_limit': 8, 'mass': 1, 'position': [0, 0, 0.5], 'joint_position': [0, 0.5, 0.5], 'joint_axis': ' 0.1416  0.1754 -0.1841', 'connections': [1]}"
1,"{'dimensions': [1, 1, 1], 'recursive_limit': 7, 'mass': 1, 'position': [0.0, 0.5, 0.0], 'joint_position': [0.0, 1.0, 0.0], 'joint_axis': '-0.3886  0.9921 -0.915 ', 'connections': [2]}"
2,"{'dimensions': [1, 1, 1], 'recursive_limit': 6, 'mass': 1, 'position': [0.0, 0.5, 0.0], 'joint_position': [0.0, 1.0, 0.0], 'joint_axis': ' 0.2753 -0.6004 -0.1346', 'connections': [3]}"
3,"{'dimensions': [1, 1, 1], 'recursive_limit': 5, 'mass': 1, 'position': [0.0, 0.5, 0.0], 'joint_position': [0.0, 1.0, 0.0], 'joint_axis': ' 0.0095  0.0028 -0.6336', 'connections': [4]}"
4,"{'dimensions': [1, 1, 1], 'recursive_limit': 4, 'mass': 1, 'position': [0.0, 0.5, 0.0], 'joint_position': [0.0, 1.0, 0.0], 'joint_axis': '-0.443  -0.6872  0.7365', 'connections': [5]}"
5,"{'dimensions': [1, 1, 1], 'recursive_limit': 3, 'mass': 1, 'position': [0.0, 0.5, 0.0], 'joint_position': [0.0, 1.0, 0.0], 'joint_axis': ' 0.2689 -0.2493  0.6316', 'connections': [6]}"
6,"{'dimensions': [1, 1, 1], 'recursive_limit': 2, 'mass': 1, 'position': [0.0, 0.5, 0.0], 'joint_position': [0.0, 1.0, 0.0], 'joint_axis': '-0.4159  0.7425  0.5708', 'connections': [7]}"
7,"{'dimensions': [1, 1, 1], 'recursive_limit': 1, 'mass': 0.9999, 'position': [0.0, 0.5, 0.0], 'joint_position': [0.0, 1.0, 0.0], 'joint_axis': '-0.7428 -0.3671 -0.8321', 'connections': []}"

0,"{'dimensions': [1, 1, 1], 'recursive_limit': 8, 'mass': 1, 'position': [0, 0, 0.5], 'joint_position': [0, 0.5, 0.5], 'joint_axis': ' 0.6683 -0.1342  0.5376', 'connections': [1]}"
1,"{'dimensions': [1, 1, 1], 'recursive_limit': 7, 'mass': 1, 'position': [0.0, 0.5, 0.0], 'joint_position': [0.0, 1.0, 0.0], 'joint_axis': '-0.6768  0.7879  0.8007', 'connections': [2]}"
2,"{'dimensions': [1, 1, 1], 'recursive_limit': 6, 'mass': 1, 'position': [0.0, 0.5, 0.0], 'joint_position': [0.0, 1.0, 0.0], 'joint_axis': '-0.5375 -0.9029  0.919 ', 'connections': [3]}"
3,"{'dimensions': [1, 1, 1], 'recursive_limit': 5, 'mass': 1, 'position': [0.0, 0.5, 0.0], 'joint_position': [0.0, 1.0, 0.0], 'joint_axis': ' 0.9176 -0.1885 -0.9586', 'connections': [4]}"
4,"{'dimensions': [1, 1, 1], 'recursive_limit': 4, 'mass': 1, 'position': [0.0, 0.5, 0.0], 'joint_position': [0.0, 1.0, 0.0], 'joint_axis': '-0.1693 -0.7166  0.9788', 'connections': [5]}"
5,"{'dimensions': [1, 1, 1], 'recursive_limit': 3, 'mass': 1, 'position': [0.0, 0.5, 0.0], 'joint_position': [0.0, 1.0, 0.0], 'joint_axis': '-0.0686 -0.2174 -0.5099', 'connections': [6]}"
6,"{'dimensions': [1, 1, 1], 'recursive_limit': 2, 'mass': 1, 'position': [0.0, 0.5, 0.0], 'joint_position': [0.0, 1.0, 0.0], 'joint_axis': '-0.4476  0.3657  0.5177', 'connections': [7]}"
7,"{'dimensions': [1, 1, 1], 'recursive_limit': 1, 'mass': 0.9998, 'position': [0.0, 0.5, 0.0], 'joint_position': [0.0, 1.0, 0.0], 'joint_axis': '-0.1195  0.6055  0.8773', 'connections': []}"

0,"{'dimensions': [1, 1, 1], 'recursive_limit': 8, 'mass': 1, 'position': [0, 0, 0.5], 'joint_position': [0, 0.5, 0.5], 'joint_axis': '-0.0966  0.9541  0.4378', 'connections': [1]}"
1,"{'dimensions': [1, 1, 1], 'recursive_limit': 7, 'mass': 1, 'position': [0.0, 0.5, 0.0], 'joint_position': [0.0, 1.0, 0.0], 'joint_axis': '-0.953  -0.093   0.4054', 'connections': [2]}"
2,"{'dimensions': [1, 1, 1], 'recursive_limit': 6, 'mass': 1, 'position': [0.0, 0.5, 0.0], 'joint_position': [0.0, 1.0, 0.0], 'joint_axis': ' 0.8654  0.4986 -0.7892', 'connections': [3]}"
3,"{'dimensions': [1, 1, 1], 'recursive_limit': 5, 'mass': 1, 'position': [0.0, 0.5, 0.0], 'joint_position': [0.0, 1.0, 0.0], 'joint_axis': ' 0.7967  0.6348 -0.4041', 'connections': [4]}"
4,"{'dimensions': [1, 1, 1], 'recursive_limit': 4, 'mass': 1, 'position': [0.0, 0.5, 0.0], 'joint_position': [0.0, 1.0, 0.0], 'joint_axis': '-0.0124 -0.6284 -0.6074', 'connections': [5]}"
5,"{'dimensions': [1, 1, 1], 'recursive_limit': 3, 'mass': 1, 'position': [0.0, 0.5, 0.0], 'joint_position': [0.0, 1.0, 0.0], 'joint_axis': ' 0.6013 -0.4253 -0.4308', 'connections': [6]}"
6,"{'dimensions': [1, 1, 1], 'recursive_limit': 2, 'mass': 1, 'position': [0.0, 0.5, 0.0], 'joint_position': [0.0, 1.0, 0.0], 'joint_axis': ' 0.0304  0.1422 -0.498 ', 'connections': [7]}"
7,"{'dimensions': [1, 1, 1], 'recursive_limit': 1, 'mass': 0.9994, 'position': [0.0, 0.5, 0.0], 'joint_position': [0.0, 1.0, 0.0], 'joint_axis': '-0.7732  0.4623  0.0354', 'connections': []}"

0,"{'dimensions': [1, 1, 1], 'recursive_limit': 8, 'mass': 1, 'position': [0, 0, 0.5], 'joint_position': [0, 0.5, 0.5], 'joint_axis': '-0.0374  0.9363  0.3605', 'connections': [1]}"
1,"{'dimensions': [1, 1, 1], 'recursive_limit': 7, 'mass': 1, 'position': [0.0, 0.5, 0.0], 'joint_position': [0.0, 1.0, 0.0], 'joint_axis': '0.3383 0.4557 0.5149', 'connections': [2]}"
2,"{'dimensions': [1, 1, 1], 'recursive_limit': 6, 'mass': 1, 'position': [0.0, 0.5, 0.0], 'joint_position': [0.0, 1.0, 0.0], 'joint_axis': ' 0.4756  0.6304 -0.1661', 'connections': [3]}"
3,"{'dimensions': [1, 1, 1], 'recursive_limit': 5, 'mass': 1, 'position': [0.0, 0.5, 0.0], 'joint_position': [0.0, 1.0, 0.0], 'joint_axis': '-0.6425  0.498   0.6262', 'connections': [4]}"
4,"{'dimensions': [1, 1, 1], 'recursive_limit': 4, 'mass': 1, 'position': [0.0, 0.5, 0.0], 'joint_position': [0.0, 1.0, 0.0], 'joint_axis': ' 0.1219 -0.9856 -0.4501', 'connections': [5]}"
5,"{'dimensions': [1, 1, 1], 'recursive_limit': 3, 'mass': 1, 'position': [0.0, 0.5, 0.0], 'joint_position': [0.0, 1.0, 0.0], 'joint_axis': '0.5696 0.5465 0.034 ', 'connections': [6]}"
6,"{'dimensions': [1, 1, 1], 'recursive_limit': 2, 'mass': 1, 'position': [0.0, 0.5, 0.0], 'joint_position': [0.0, 1.0, 0.0], 'joint_axis': '-0.1899  0.6244 -0.6043', 'connections': [7]}"
7,"{'dimensions': [1, 1, 1], 'recursive_limit': 1, 'mass': 0.9993, 'position': [0.0, 0.5, 0.0], 'joint_position': [0.0, 1.0, 0.0], 'joint_axis': '-0.5814 -0.6374 -0.9003', 'connections': []}"

0,"{'dimensions': [1, 1, 1], 'recursive_limit': 8, 'mass': 1, 'position': [0, 0, 0.5], 'joint_position': [0, 0.5, 0.5], 'joint_axis': ' 0.4665  0.8101 -0.1423', 'connections': [1]}"
1,"{'dimensions': [1, 1, 1], 'recursive_limit': 7, 'mass': 1, 'position': [0.0, 0.5, 0.0], 'joint_position': [0.0, 1.0, 0.0], 'joint_axis': '-0.7222 -0.3116  0.0795', 'connections': [2]}"
2,"{'dimensions': [1, 1, 1], 'recursive_limit': 6, 'mass': 1, 'position': [0.0, 0.5, 0.0], 'joint_position': [0.0, 1.0, 0.0], 'joint_axis': '0.376  0.9215 0.8244', 'connections': [3]}"
3,"{'dimensions': [1, 1, 1], 'recursive_limit': 5, 'mass': 1, 'position': [0.0, 0.5, 0.0], 'joint_position': [0.0, 1.0, 0.0], 'joint_axis': ' 0.8994  0.8514 -0.2335', 'connections': [4]}"
4,"{'dimensions': [1, 1, 1], 'recursive_limit': 4, 'mass': 1, 'position': [0.0, 0.5, 0.0], 'joint_position': [0.0, 1.0, 0.0], 'joint_axis': '-0.7431  0.9458 -0.3564', 'connections': [5]}"
5,"{'dimensions': [1, 1, 1], 'recursive_limit': 3, 'mass': 1, 'position': [0.0, 0.5, 0.0], 'joint_position': [0.0, 1.0, 0.0], 'joint_axis': '-0.0852  0.3357 -0.7414', 'connections': [6]}"
6,"{'dimensions': [1, 1, 1], 'recursive_limit': 2, 'mass': 1, 'position': [0.0, 0.5, 0.0], 'joint_position': [0.0, 1.0, 0.0], 'joint_axis': '-0.5398 -0.7709 -0.3957', 'connections': [7]}"
7,"{'dimensions': [1, 1, 1], 'recursive_limit': 1, 'mass': 0.9992, 'position': [0.0, 0.5, 0.0], 'joint_position': [0.0, 1.0, 0.0], 'joint_axis': '-0.6454 -0.6615  0.9076', 'connections': []}"



0,"{'dimensions': [1, 1, 1], 'recursive_limit': 8, 'mass': 1, 'position': [0, 0, 0.5], 'joint_position': [0, 0.5, 0.5], 'joint_axis': ' 0.1416  0.1754 -0.1841', 'connections': [1]}"
1,"{'dimensions': [1, 1, 1], 'recursive_limit': 7, 'mass': 1, 'position': [0.0, 0.5, 0.0], 'joint_position': [0.0, 1.0, 0.0], 'joint_axis': '-0.3886  0.9921 -0.915 ', 'connections': [2]}"
2,"{'dimensions': [1, 1, 1], 'recursive_limit': 6, 'mass': 1, 'position': [0.0, 0.5, 0.0], 'joint_position': [0.0, 1.0, 0.0], 'joint_axis': ' 0.2753 -0.6004 -0.1346', 'connections': [3]}"
3,"{'dimensions': [1, 1, 1], 'recursive_limit': 5, 'mass': 1, 'position': [0.0, 0.5, 0.0], 'joint_position': [0.0, 1.0, 0.0], 'joint_axis': ' 0.0095  0.0028 -0.6336', 'connections': [4]}"
4,"{'dimensions': [1, 1, 1], 'recursive_limit': 4, 'mass': 1, 'position': [0.0, 0.5, 0.0], 'joint_position': [0.0, 1.0, 0.0], 'joint_axis': '-0.443  -0.6872  0.7365', 'connections': [5]}"
5,"{'dimensions': [1, 1, 1], 'recursive_limit': 3, 'mass': 1, 'position': [0.0, 0.5, 0.0], 'joint_position': [0.0, 1.0, 0.0], 'joint_axis': ' 0.2689 -0.2493  0.6316', 'connections': [6]}"
6,"{'dimensions': [1, 1, 1], 'recursive_limit': 2, 'mass': 1, 'position': [0.0, 0.5, 0.0], 'joint_position': [0.0, 1.0, 0.0], 'joint_axis': '-0.4159  0.7425  0.5708', 'connections': [7]}"
7,"{'dimensions': [1, 1, 1], 'recursive_limit': 1, 'mass': 0.9999, 'position': [0.0, 0.5, 0.0], 'joint_position': [0.0, 1.0, 0.0], 'joint_axis': '-0.7428 -0.3671 -0.8321', 'connections': []}"

0,"{'dimensions': [1, 1, 1], 'recursive_limit': 8, 'mass': 1, 'position': [0, 0, 0.5], 'joint_position': [0, 0.5, 0.5], 'joint_axis': ' 0.6683 -0.1342  0.5376', 'connections': [1]}"
1,"{'dimensions': [1, 1, 1], 'recursive_limit': 7, 'mass': 1, 'position': [0.0, 0.5, 0.0], 'joint_position': [0.0, 1.0, 0.0], 'joint_axis': '-0.6768  0.7879  0.8007', 'connections': [2]}"
2,"{'dimensions': [1, 1, 1], 'recursive_limit': 6, 'mass': 1, 'position': [0.0, 0.5, 0.0], 'joint_position': [0.0, 1.0, 0.0], 'joint_axis': '-0.5375 -0.9029  0.919 ', 'connections': [3]}"
3,"{'dimensions': [1, 1, 1], 'recursive_limit': 5, 'mass': 1, 'position': [0.0, 0.5, 0.0], 'joint_position': [0.0, 1.0, 0.0], 'joint_axis': ' 0.9176 -0.1885 -0.9586', 'connections': [4]}"
4,"{'dimensions': [1, 1, 1], 'recursive_limit': 4, 'mass': 1, 'position': [0.0, 0.5, 0.0], 'joint_position': [0.0, 1.0, 0.0], 'joint_axis': '-0.1693 -0.7166  0.9788', 'connections': [5]}"
5,"{'dimensions': [1, 1, 1], 'recursive_limit': 3, 'mass': 1, 'position': [0.0, 0.5, 0.0], 'joint_position': [0.0, 1.0, 0.0], 'joint_axis': '-0.0686 -0.2174 -0.5099', 'connections': [6]}"
6,"{'dimensions': [1, 1, 1], 'recursive_limit': 2, 'mass': 1, 'position': [0.0, 0.5, 0.0], 'joint_position': [0.0, 1.0, 0.0], 'joint_axis': '-0.4476  0.3657  0.5177', 'connections': [7]}"
7,"{'dimensions': [1, 1, 1], 'recursive_limit': 1, 'mass': 0.9998, 'position': [0.0, 0.5, 0.0], 'joint_position': [0.0, 1.0, 0.0], 'joint_axis': '-0.1195  0.6055  0.8773', 'connections': []}"

0,"{'dimensions': [1, 1, 1], 'recursive_limit': 8, 'mass': 1, 'position': [0, 0, 0.5], 'joint_position': [0, 0.5, 0.5], 'joint_axis': '-0.0966  0.9541  0.4378', 'connections': [1]}"
1,"{'dimensions': [1, 1, 1], 'recursive_limit': 7, 'mass': 1, 'position': [0.0, 0.5, 0.0], 'joint_position': [0.0, 1.0, 0.0], 'joint_axis': '-0.953  -0.093   0.4054', 'connections': [2]}"
2,"{'dimensions': [1, 1, 1], 'recursive_limit': 6, 'mass': 1, 'position': [0.0, 0.5, 0.0], 'joint_position': [0.0, 1.0, 0.0], 'joint_axis': ' 0.8654  0.4986 -0.7892', 'connections': [3]}"
3,"{'dimensions': [1, 1, 1], 'recursive_limit': 5, 'mass': 1, 'position': [0.0, 0.5, 0.0], 'joint_position': [0.0, 1.0, 0.0], 'joint_axis': ' 0.7967  0.6348 -0.4041', 'connections': [4]}"
4,"{'dimensions': [1, 1, 1], 'recursive_limit': 4, 'mass': 1, 'position': [0.0, 0.5, 0.0], 'joint_position': [0.0, 1.0, 0.0], 'joint_axis': '-0.0124 -0.6284 -0.6074', 'connections': [5]}"
5,"{'dimensions': [1, 1, 1], 'recursive_limit': 3, 'mass': 1, 'position': [0.0, 0.5, 0.0], 'joint_position': [0.0, 1.0, 0.0], 'joint_axis': ' 0.6013 -0.4253 -0.4308', 'connections': [6]}"
6,"{'dimensions': [1, 1, 1], 'recursive_limit': 2, 'mass': 1, 'position': [0.0, 0.5, 0.0], 'joint_position': [0.0, 1.0, 0.0], 'joint_axis': ' 0.0304  0.1422 -0.498 ', 'connections': [7]}"
7,"{'dimensions': [1, 1, 1], 'recursive_limit': 1, 'mass': 0.9994, 'position': [0.0, 0.5, 0.0], 'joint_position': [0.0, 1.0, 0.0], 'joint_axis': '-0.7732  0.4623  0.0354', 'connections': []}"

0,"{'dimensions': [1, 1, 1], 'recursive_limit': 8, 'mass': 1, 'position': [0, 0, 0.5], 'joint_position': [0, 0.5, 0.5], 'joint_axis': '-0.0374  0.9363  0.3605', 'connections': [1]}"
1,"{'dimensions': [1, 1, 1], 'recursive_limit': 7, 'mass': 1, 'position': [0.0, 0.5, 0.0], 'joint_position': [0.0, 1.0, 0.0], 'joint_axis': '0.3383 0.4557 0.5149', 'connections': [2]}"
2,"{'dimensions': [1, 1, 1], 'recursive_limit': 6, 'mass': 1, 'position': [0.0, 0.5, 0.0], 'joint_position': [0.0, 1.0, 0.0], 'joint_axis': ' 0.4756  0.6304 -0.1661', 'connections': [3]}"
3,"{'dimensions': [1, 1, 1], 'recursive_limit': 5, 'mass': 1, 'position': [0.0, 0.5, 0.0], 'joint_position': [0.0, 1.0, 0.0], 'joint_axis': '-0.6425  0.498   0.6262', 'connections': [4]}"
4,"{'dimensions': [1, 1, 1], 'recursive_limit': 4, 'mass': 1, 'position': [0.0, 0.5, 0.0], 'joint_position': [0.0, 1.0, 0.0], 'joint_axis': ' 0.1219 -0.9856 -0.4501', 'connections': [5]}"
5,"{'dimensions': [1, 1, 1], 'recursive_limit': 3, 'mass': 1, 'position': [0.0, 0.5, 0.0], 'joint_position': [0.0, 1.0, 0.0], 'joint_axis': '0.5696 0.5465 0.034 ', 'connections': [6]}"
6,"{'dimensions': [1, 1, 1], 'recursive_limit': 2, 'mass': 1, 'position': [0.0, 0.5, 0.0], 'joint_position': [0.0, 1.0, 0.0], 'joint_axis': '-0.1899  0.6244 -0.6043', 'connections': [7]}"
7,"{'dimensions': [1, 1, 1], 'recursive_limit': 1, 'mass': 0.9993, 'position': [0.0, 0.5, 0.0], 'joint_position': [0.0, 1.0, 0.0], 'joint_axis': '-0.5814 -0.6374 -0.9003', 'connections': []}"

0,"{'dimensions': [1, 1, 1], 'recursive_limit': 8, 'mass': 1, 'position': [0, 0, 0.5], 'joint_position': [0, 0.5, 0.5], 'joint_axis': ' 0.4665  0.8101 -0.1423', 'connections': [1]}"
1,"{'dimensions': [1, 1, 1], 'recursive_limit': 7, 'mass': 1, 'position': [0.0, 0.5, 0.0], 'joint_position': [0.0, 1.0, 0.0], 'joint_axis': '-0.7222 -0.3116  0.0795', 'connections': [2]}"
2,"{'dimensions': [1, 1, 1], 'recursive_limit': 6, 'mass': 1, 'position': [0.0, 0.5, 0.0], 'joint_position': [0.0, 1.0, 0.0], 'joint_axis': '0.376  0.9215 0.8244', 'connections': [3]}"
3,"{'dimensions': [1, 1, 1], 'recursive_limit': 5, 'mass': 1, 'position': [0.0, 0.5, 0.0], 'joint_position': [0.0, 1.0, 0.0], 'joint_axis': ' 0.8994  0.8514 -0.2335', 'connections': [4]}"
4,"{'dimensions': [1, 1, 1], 'recursive_limit': 4, 'mass': 1, 'position': [0.0, 0.5, 0.0], 'joint_position': [0.0, 1.0, 0.0], 'joint_axis': '-0.7431  0.9458 -0.3564', 'connections': [5]}"
5,"{'dimensions': [1, 1, 1], 'recursive_limit': 3, 'mass': 1, 'position': [0.0, 0.5, 0.0], 'joint_position': [0.0, 1.0, 0.0], 'joint_axis': '-0.0852  0.3357 -0.7414', 'connections': [6]}"
6,"{'dimensions': [1, 1, 1], 'recursive_limit': 2, 'mass': 1, 'position': [0.0, 0.5, 0.0], 'joint_position': [0.0, 1.0, 0.0], 'joint_axis': '-0.5398 -0.7709 -0.3957', 'connections': [7]}"
7,"{'dimensions': [1, 1, 1], 'recursive_limit': 1, 'mass': 0.9992, 'position': [0.0, 0.5, 0.0], 'joint_position': [0.0, 1.0, 0.0], 'joint_axis': '-0.6454 -0.6615  0.9076', 'connections': []}"



0,"{'dimensions': [1, 1, 1], 'recursive_limit': 8, 'mass': 1, 'position': [0, 0, 0.5], 'joint_position': [0, 0.5, 0.5], 'joint_axis': ' 0.1416  0.1754 -0.1841', 'connections': [1]}"
1,"{'dimensions': [1, 1, 1], 'recursive_limit': 7, 'mass': 1, 'position': [0.0, 0.5, 0.0], 'joint_position': [0.0, 1.0, 0.0], 'joint_axis': '-0.3886  0.9921 -0.915 ', 'connections': [2]}"
2,"{'dimensions': [1, 1, 1], 'recursive_limit': 6, 'mass': 1, 'position': [0.0, 0.5, 0.0], 'joint_position': [0.0, 1.0, 0.0], 'joint_axis': ' 0.2753 -0.6004 -0.1346', 'connections': [3]}"
3,"{'dimensions': [1, 1, 1], 'recursive_limit': 5, 'mass': 1, 'position': [0.0, 0.5, 0.0], 'joint_position': [0.0, 1.0, 0.0], 'joint_axis': ' 0.0095  0.0028 -0.6336', 'connections': [4]}"
4,"{'dimensions': [1, 1, 1], 'recursive_limit': 4, 'mass': 1, 'position': [0.0, 0.5, 0.0], 'joint_position': [0.0, 1.0, 0.0], 'joint_axis': '-0.443  -0.6872  0.7365', 'connections': [5]}"
5,"{'dimensions': [1, 1, 1], 'recursive_limit': 3, 'mass': 1, 'position': [0.0, 0.5, 0.0], 'joint_position': [0.0, 1.0, 0.0], 'joint_axis': ' 0.2689 -0.2493  0.6316', 'connections': [6]}"
6,"{'dimensions': [1, 1, 1], 'recursive_limit': 2, 'mass': 1, 'position': [0.0, 0.5, 0.0], 'joint_position': [0.0, 1.0, 0.0], 'joint_axis': '-0.4159  0.7425  0.5708', 'connections': [7]}"
7,"{'dimensions': [1, 1, 1], 'recursive_limit': 1, 'mass': 0.9999, 'position': [0.0, 0.5, 0.0], 'joint_position': [0.0, 1.0, 0.0], 'joint_axis': '-0.7428 -0.3671 -0.8321', 'connections': []}"

0,"{'dimensions': [1, 1, 1], 'recursive_limit': 8, 'mass': 1, 'position': [0, 0, 0.5], 'joint_position': [0, 0.5, 0.5], 'joint_axis': ' 0.6683 -0.1342  0.5376', 'connections': [1]}"
1,"{'dimensions': [1, 1, 1], 'recursive_limit': 7, 'mass': 1, 'position': [0.0, 0.5, 0.0], 'joint_position': [0.0, 1.0, 0.0], 'joint_axis': '-0.6768  0.7879  0.8007', 'connections': [2]}"
2,"{'dimensions': [1, 1, 1], 'recursive_limit': 6, 'mass': 1, 'position': [0.0, 0.5, 0.0], 'joint_position': [0.0, 1.0, 0.0], 'joint_axis': '-0.5375 -0.9029  0.919 ', 'connections': [3]}"
3,"{'dimensions': [1, 1, 1], 'recursive_limit': 5, 'mass': 1, 'position': [0.0, 0.5, 0.0], 'joint_position': [0.0, 1.0, 0.0], 'joint_axis': ' 0.9176 -0.1885 -0.9586', 'connections': [4]}"
4,"{'dimensions': [1, 1, 1], 'recursive_limit': 4, 'mass': 1, 'position': [0.0, 0.5, 0.0], 'joint_position': [0.0, 1.0, 0.0], 'joint_axis': '-0.1693 -0.7166  0.9788', 'connections': [5]}"
5,"{'dimensions': [1, 1, 1], 'recursive_limit': 3, 'mass': 1, 'position': [0.0, 0.5, 0.0], 'joint_position': [0.0, 1.0, 0.0], 'joint_axis': '-0.0686 -0.2174 -0.5099', 'connections': [6]}"
6,"{'dimensions': [1, 1, 1], 'recursive_limit': 2, 'mass': 1, 'position': [0.0, 0.5, 0.0], 'joint_position': [0.0, 1.0, 0.0], 'joint_axis': '-0.4476  0.3657  0.5177', 'connections': [7]}"
7,"{'dimensions': [1, 1, 1], 'recursive_limit': 1, 'mass': 0.9998, 'position': [0.0, 0.5, 0.0], 'joint_position': [0.0, 1.0, 0.0], 'joint_axis': '-0.1195  0.6055  0.8773', 'connections': []}"

0,"{'dimensions': [1, 1, 1], 'recursive_limit': 8, 'mass': 1, 'position': [0, 0, 0.5], 'joint_position': [0, 0.5, 0.5], 'joint_axis': '-0.0966  0.9541  0.4378', 'connections': [1]}"
1,"{'dimensions': [1, 1, 1], 'recursive_limit': 7, 'mass': 1, 'position': [0.0, 0.5, 0.0], 'joint_position': [0.0, 1.0, 0.0], 'joint_axis': '-0.953  -0.093   0.4054', 'connections': [2]}"
2,"{'dimensions': [1, 1, 1], 'recursive_limit': 6, 'mass': 1, 'position': [0.0, 0.5, 0.0], 'joint_position': [0.0, 1.0, 0.0], 'joint_axis': ' 0.8654  0.4986 -0.7892', 'connections': [3]}"
3,"{'dimensions': [1, 1, 1], 'recursive_limit': 5, 'mass': 1, 'position': [0.0, 0.5, 0.0], 'joint_position': [0.0, 1.0, 0.0], 'joint_axis': ' 0.7967  0.6348 -0.4041', 'connections': [4]}"
4,"{'dimensions': [1, 1, 1], 'recursive_limit': 4, 'mass': 1, 'position': [0.0, 0.5, 0.0], 'joint_position': [0.0, 1.0, 0.0], 'joint_axis': '-0.0124 -0.6284 -0.6074', 'connections': [5]}"
5,"{'dimensions': [1, 1, 1], 'recursive_limit': 3, 'mass': 1, 'position': [0.0, 0.5, 0.0], 'joint_position': [0.0, 1.0, 0.0], 'joint_axis': ' 0.6013 -0.4253 -0.4308', 'connections': [6]}"
6,"{'dimensions': [1, 1, 1], 'recursive_limit': 2, 'mass': 1, 'position': [0.0, 0.5, 0.0], 'joint_position': [0.0, 1.0, 0.0], 'joint_axis': ' 0.0304  0.1422 -0.498 ', 'connections': [7]}"
7,"{'dimensions': [1, 1, 1], 'recursive_limit': 1, 'mass': 0.9993, 'position': [0.0, 0.5, 0.0], 'joint_position': [0.0, 1.0, 0.0], 'joint_axis': '-0.7732  0.4623  0.0354', 'connections': []}"

0,"{'dimensions': [1, 1, 1], 'recursive_limit': 8, 'mass': 1, 'position': [0, 0, 0.5], 'joint_position': [0, 0.5, 0.5], 'joint_axis': '-0.0374  0.9363  0.3605', 'connections': [1]}"
1,"{'dimensions': [1, 1, 1], 'recursive_limit': 7, 'mass': 1, 'position': [0.0, 0.5, 0.0], 'joint_position': [0.0, 1.0, 0.0], 'joint_axis': '0.3383 0.4557 0.5149', 'connections': [2]}"
2,"{'dimensions': [1, 1, 1], 'recursive_limit': 6, 'mass': 1, 'position': [0.0, 0.5, 0.0], 'joint_position': [0.0, 1.0, 0.0], 'joint_axis': ' 0.4756  0.6304 -0.1661', 'connections': [3]}"
3,"{'dimensions': [1, 1, 1], 'recursive_limit': 5, 'mass': 1, 'position': [0.0, 0.5, 0.0], 'joint_position': [0.0, 1.0, 0.0], 'joint_axis': '-0.6425  0.498   0.6262', 'connections': [4]}"
4,"{'dimensions': [1, 1, 1], 'recursive_limit': 4, 'mass': 1, 'position': [0.0, 0.5, 0.0], 'joint_position': [0.0, 1.0, 0.0], 'joint_axis': ' 0.1219 -0.9856 -0.4501', 'connections': [5]}"
5,"{'dimensions': [1, 1, 1], 'recursive_limit': 3, 'mass': 1, 'position': [0.0, 0.5, 0.0], 'joint_position': [0.0, 1.0, 0.0], 'joint_axis': '0.5696 0.5465 0.034 ', 'connections': [6]}"
6,"{'dimensions': [1, 1, 1], 'recursive_limit': 2, 'mass': 1, 'position': [0.0, 0.5, 0.0], 'joint_position': [0.0, 1.0, 0.0], 'joint_axis': '-0.1899  0.6244 -0.6043', 'connections': [7]}"
7,"{'dimensions': [1, 1, 1], 'recursive_limit': 1, 'mass': 0.9992, 'position': [0.0, 0.5, 0.0], 'joint_position': [0.0, 1.0, 0.0], 'joint_axis': '-0.5814 -0.6374 -0.9003', 'connections': []}"

0,"{'dimensions': [1, 1, 1], 'recursive_limit': 8, 'mass': 1, 'position': [0, 0, 0.5], 'joint_position': [0, 0.5, 0.5], 'joint_axis': ' 0.4665  0.8101 -0.1423', 'connections': [1]}"
1,"{'dimensions': [1, 1, 1], 'recursive_limit': 7, 'mass': 1, 'position': [0.0, 0.5, 0.0], 'joint_position': [0.0, 1.0, 0.0], 'joint_axis': '-0.7222 -0.3116  0.0795', 'connections': [2]}"
2,"{'dimensions': [1, 1, 1], 'recursive_limit': 6, 'mass': 1, 'position': [0.0, 0.5, 0.0], 'joint_position': [0.0, 1.0, 0.0], 'joint_axis': '0.376  0.9215 0.8244', 'connections': [3]}"
3,"{'dimensions': [1, 1, 1], 'recursive_limit': 5, 'mass': 1, 'position': [0.0, 0.5, 0.0], 'joint_position': [0.0, 1.0, 0.0], 'joint_axis': ' 0.8994  0.8514 -0.2335', 'connections': [4]}"
4,"{'dimensions': [1, 1, 1], 'recursive_limit': 4, 'mass': 1, 'position': [0.0, 0.5, 0.0], 'joint_position': [0.0, 1.0, 0.0], 'joint_axis': '-0.7431  0.9458 -0.3564', 'connections': [5]}"
5,"{'dimensions': [1, 1, 1], 'recursive_limit': 3, 'mass': 1, 'position': [0.0, 0.5, 0.0], 'joint_position': [0.0, 1.0, 0.0], 'joint_axis': '-0.0852  0.3357 -0.7414', 'connections': [6]}"
6,"{'dimensions': [1, 1, 1], 'recursive_limit': 2, 'mass': 1, 'position': [0.0, 0.5, 0.0], 'joint_position': [0.0, 1.0, 0.0], 'joint_axis': '-0.5398 -0.7709 -0.3957', 'connections': [7]}"
7,"{'dimensions': [1, 1, 1], 'recursive_limit': 1, 'mass': 0.9992, 'position': [0.0, 0.5, 0.0], 'joint_position': [0.0, 1.0, 0.0], 'joint_axis': '-0.6454 -0.6615  0.9076', 'connections': []}"



0,"{'dimensions': [1, 1, 1], 'recursive_limit': 8, 'mass': 1, 'position': [0, 0, 0.5], 'joint_position': [0, 0.5, 0.5], 'joint_axis': ' 0.1416  0.1754 -0.1841', 'connections': [1]}"
1,"{'dimensions': [1, 1, 1], 'recursive_limit': 7, 'mass': 1, 'position': [0.0, 0.5, 0.0], 'joint_position': [0.0, 1.0, 0.0], 'joint_axis': '-0.3886  0.9921 -0.915 ', 'connections': [2]}"
2,"{'dimensions': [1, 1, 1], 'recursive_limit': 6, 'mass': 1, 'position': [0.0, 0.5, 0.0], 'joint_position': [0.0, 1.0, 0.0], 'joint_axis': ' 0.2753 -0.6004 -0.1346', 'connections': [3]}"
3,"{'dimensions': [1, 1, 1], 'recursive_limit': 5, 'mass': 1, 'position': [0.0, 0.5, 0.0], 'joint_position': [0.0, 1.0, 0.0], 'joint_axis': ' 0.0095  0.0028 -0.6336', 'connections': [4]}"
4,"{'dimensions': [1, 1, 1], 'recursive_limit': 4, 'mass': 1, 'position': [0.0, 0.5, 0.0], 'joint_position': [0.0, 1.0, 0.0], 'joint_axis': '-0.443  -0.6872  0.7365', 'connections': [5]}"
5,"{'dimensions': [1, 1, 1], 'recursive_limit': 3, 'mass': 1, 'position': [0.0, 0.5, 0.0], 'joint_position': [0.0, 1.0, 0.0], 'joint_axis': ' 0.2689 -0.2493  0.6316', 'connections': [6]}"
6,"{'dimensions': [1, 1, 1], 'recursive_limit': 2, 'mass': 1, 'position': [0.0, 0.5, 0.0], 'joint_position': [0.0, 1.0, 0.0], 'joint_axis': '-0.4159  0.7425  0.5708', 'connections': [7]}"
7,"{'dimensions': [1, 1, 1], 'recursive_limit': 1, 'mass': 0.9999, 'position': [0.0, 0.5, 0.0], 'joint_position': [0.0, 1.0, 0.0], 'joint_axis': '-0.7428 -0.3671 -0.8321', 'connections': []}"

0,"{'dimensions': [1, 1, 1], 'recursive_limit': 8, 'mass': 1, 'position': [0, 0, 0.5], 'joint_position': [0, 0.5, 0.5], 'joint_axis': ' 0.6683 -0.1342  0.5376', 'connections': [1]}"
1,"{'dimensions': [1, 1, 1], 'recursive_limit': 7, 'mass': 1, 'position': [0.0, 0.5, 0.0], 'joint_position': [0.0, 1.0, 0.0], 'joint_axis': '-0.6768  0.7879  0.8007', 'connections': [2]}"
2,"{'dimensions': [1, 1, 1], 'recursive_limit': 6, 'mass': 1, 'position': [0.0, 0.5, 0.0], 'joint_position': [0.0, 1.0, 0.0], 'joint_axis': '-0.5375 -0.9029  0.919 ', 'connections': [3]}"
3,"{'dimensions': [1, 1, 1], 'recursive_limit': 5, 'mass': 1, 'position': [0.0, 0.5, 0.0], 'joint_position': [0.0, 1.0, 0.0], 'joint_axis': ' 0.9176 -0.1885 -0.9586', 'connections': [4]}"
4,"{'dimensions': [1, 1, 1], 'recursive_limit': 4, 'mass': 1, 'position': [0.0, 0.5, 0.0], 'joint_position': [0.0, 1.0, 0.0], 'joint_axis': '-0.1693 -0.7166  0.9788', 'connections': [5]}"
5,"{'dimensions': [1, 1, 1], 'recursive_limit': 3, 'mass': 1, 'position': [0.0, 0.5, 0.0], 'joint_position': [0.0, 1.0, 0.0], 'joint_axis': '-0.0686 -0.2174 -0.5099', 'connections': [6]}"
6,"{'dimensions': [1, 1, 1], 'recursive_limit': 2, 'mass': 1, 'position': [0.0, 0.5, 0.0], 'joint_position': [0.0, 1.0, 0.0], 'joint_axis': '-0.4476  0.3657  0.5177', 'connections': [7]}"
7,"{'dimensions': [1, 1, 1], 'recursive_limit': 1, 'mass': 0.9997, 'position': [0.0, 0.5, 0.0], 'joint_position': [0.0, 1.0, 0.0], 'joint_axis': '-0.1195  0.6055  0.8773', 'connections': []}"

0,"{'dimensions': [1, 1, 1], 'recursive_limit': 8, 'mass': 1, 'position': [0, 0, 0.5], 'joint_position': [0, 0.5, 0.5], 'joint_axis': '-0.0966  0.9541  0.4378', 'connections': [1]}"
1,"{'dimensions': [1, 1, 1], 'recursive_limit': 7, 'mass': 1, 'position': [0.0, 0.5, 0.0], 'joint_position': [0.0, 1.0, 0.0], 'joint_axis': '-0.953  -0.093   0.4054', 'connections': [2]}"
2,"{'dimensions': [1, 1, 1], 'recursive_limit': 6, 'mass': 1, 'position': [0.0, 0.5, 0.0], 'joint_position': [0.0, 1.0, 0.0], 'joint_axis': ' 0.8654  0.4986 -0.7892', 'connections': [3]}"
3,"{'dimensions': [1, 1, 1], 'recursive_limit': 5, 'mass': 1, 'position': [0.0, 0.5, 0.0], 'joint_position': [0.0, 1.0, 0.0], 'joint_axis': ' 0.7967  0.6348 -0.4041', 'connections': [4]}"
4,"{'dimensions': [1, 1, 1], 'recursive_limit': 4, 'mass': 1, 'position': [0.0, 0.5, 0.0], 'joint_position': [0.0, 1.0, 0.0], 'joint_axis': '-0.0124 -0.6284 -0.6074', 'connections': [5]}"
5,"{'dimensions': [1, 1, 1], 'recursive_limit': 3, 'mass': 1, 'position': [0.0, 0.5, 0.0], 'joint_position': [0.0, 1.0, 0.0], 'joint_axis': ' 0.6013 -0.4253 -0.4308', 'connections': [6]}"
6,"{'dimensions': [1, 1, 1], 'recursive_limit': 2, 'mass': 1, 'position': [0.0, 0.5, 0.0], 'joint_position': [0.0, 1.0, 0.0], 'joint_axis': ' 0.0304  0.1422 -0.498 ', 'connections': [7]}"
7,"{'dimensions': [1, 1, 1], 'recursive_limit': 1, 'mass': 0.9993, 'position': [0.0, 0.5, 0.0], 'joint_position': [0.0, 1.0, 0.0], 'joint_axis': '-0.7732  0.4623  0.0354', 'connections': []}"

0,"{'dimensions': [1, 1, 1], 'recursive_limit': 8, 'mass': 1, 'position': [0, 0, 0.5], 'joint_position': [0, 0.5, 0.5], 'joint_axis': '-0.0374  0.9363  0.3605', 'connections': [1]}"
1,"{'dimensions': [1, 1, 1], 'recursive_limit': 7, 'mass': 1, 'position': [0.0, 0.5, 0.0], 'joint_position': [0.0, 1.0, 0.0], 'joint_axis': '0.3383 0.4557 0.5149', 'connections': [2]}"
2,"{'dimensions': [1, 1, 1], 'recursive_limit': 6, 'mass': 1, 'position': [0.0, 0.5, 0.0], 'joint_position': [0.0, 1.0, 0.0], 'joint_axis': ' 0.4756  0.6304 -0.1661', 'connections': [3]}"
3,"{'dimensions': [1, 1, 1], 'recursive_limit': 5, 'mass': 1, 'position': [0.0, 0.5, 0.0], 'joint_position': [0.0, 1.0, 0.0], 'joint_axis': '-0.6425  0.498   0.6262', 'connections': [4]}"
4,"{'dimensions': [1, 1, 1], 'recursive_limit': 4, 'mass': 1, 'position': [0.0, 0.5, 0.0], 'joint_position': [0.0, 1.0, 0.0], 'joint_axis': ' 0.1219 -0.9856 -0.4501', 'connections': [5]}"
5,"{'dimensions': [1, 1, 1], 'recursive_limit': 3, 'mass': 1, 'position': [0.0, 0.5, 0.0], 'joint_position': [0.0, 1.0, 0.0], 'joint_axis': '0.5696 0.5465 0.034 ', 'connections': [6]}"
6,"{'dimensions': [1, 1, 1], 'recursive_limit': 2, 'mass': 1, 'position': [0.0, 0.5, 0.0], 'joint_position': [0.0, 1.0, 0.0], 'joint_axis': '-0.1899  0.6244 -0.6043', 'connections': [7]}"
7,"{'dimensions': [1, 1, 1], 'recursive_limit': 1, 'mass': 0.9992, 'position': [0.0, 0.5, 0.0], 'joint_position': [0.0, 1.0, 0.0], 'joint_axis': '-0.5814 -0.6374 -0.9003', 'connections': []}"

0,"{'dimensions': [1, 1, 1], 'recursive_limit': 8, 'mass': 1, 'position': [0, 0, 0.5], 'joint_position': [0, 0.5, 0.5], 'joint_axis': ' 0.4665  0.8101 -0.1423', 'connections': [1]}"
1,"{'dimensions': [1, 1, 1], 'recursive_limit': 7, 'mass': 1, 'position': [0.0, 0.5, 0.0], 'joint_position': [0.0, 1.0, 0.0], 'joint_axis': '-0.7222 -0.3116  0.0795', 'connections': [2]}"
2,"{'dimensions': [1, 1, 1], 'recursive_limit': 6, 'mass': 1, 'position': [0.0, 0.5, 0.0], 'joint_position': [0.0, 1.0, 0.0], 'joint_axis': '0.376  0.9215 0.8244', 'connections': [3]}"
3,"{'dimensions': [1, 1, 1], 'recursive_limit': 5, 'mass': 1, 'position': [0.0, 0.5, 0.0], 'joint_position': [0.0, 1.0, 0.0], 'joint_axis': ' 0.8994  0.8514 -0.2335', 'connections': [4]}"
4,"{'dimensions': [1, 1, 1], 'recursive_limit': 4, 'mass': 1, 'position': [0.0, 0.5, 0.0], 'joint_position': [0.0, 1.0, 0.0], 'joint_axis': '-0.7431  0.9458 -0.3564', 'connections': [5]}"
5,"{'dimensions': [1, 1, 1], 'recursive_limit': 3, 'mass': 1, 'position': [0.0, 0.5, 0.0], 'joint_position': [0.0, 1.0, 0.0], 'joint_axis': '-0.0852  0.3357 -0.7414', 'connections': [6]}"
6,"{'dimensions': [1, 1, 1], 'recursive_limit': 2, 'mass': 1, 'position': [0.0, 0.5, 0.0], 'joint_position': [0.0, 1.0, 0.0], 'joint_axis': '-0.5398 -0.7709 -0.3957', 'connections': [7]}"
7,"{'dimensions': [1, 1, 1], 'recursive_limit': 1, 'mass': 0.9991, 'position': [0.0, 0.5, 0.0], 'joint_position': [0.0, 1.0, 0.0], 'joint_axis': '-0.6454 -0.6615  0.9076', 'connections': []}"



0,"{'dimensions': [1, 1, 1], 'recursive_limit': 8, 'mass': 1, 'position': [0, 0, 0.5], 'joint_position': [0, 0.5, 0.5], 'joint_axis': ' 0.1416  0.1754 -0.1841', 'connections': [1]}"
1,"{'dimensions': [1, 1, 1], 'recursive_limit': 7, 'mass': 1, 'position': [0.0, 0.5, 0.0], 'joint_position': [0.0, 1.0, 0.0], 'joint_axis': '-0.3886  0.9921 -0.915 ', 'connections': [2]}"
2,"{'dimensions': [1, 1, 1], 'recursive_limit': 6, 'mass': 1, 'position': [0.0, 0.5, 0.0], 'joint_position': [0.0, 1.0, 0.0], 'joint_axis': ' 0.2753 -0.6004 -0.1346', 'connections': [3]}"
3,"{'dimensions': [1, 1, 1], 'recursive_limit': 5, 'mass': 1, 'position': [0.0, 0.5, 0.0], 'joint_position': [0.0, 1.0, 0.0], 'joint_axis': ' 0.0095  0.0028 -0.6336', 'connections': [4]}"
4,"{'dimensions': [1, 1, 1], 'recursive_limit': 4, 'mass': 1, 'position': [0.0, 0.5, 0.0], 'joint_position': [0.0, 1.0, 0.0], 'joint_axis': '-0.443  -0.6872  0.7365', 'connections': [5]}"
5,"{'dimensions': [1, 1, 1], 'recursive_limit': 3, 'mass': 1, 'position': [0.0, 0.5, 0.0], 'joint_position': [0.0, 1.0, 0.0], 'joint_axis': ' 0.2689 -0.2493  0.6316', 'connections': [6]}"
6,"{'dimensions': [1, 1, 1], 'recursive_limit': 2, 'mass': 1, 'position': [0.0, 0.5, 0.0], 'joint_position': [0.0, 1.0, 0.0], 'joint_axis': '-0.4159  0.7425  0.5708', 'connections': [7]}"
7,"{'dimensions': [1, 1, 1], 'recursive_limit': 1, 'mass': 0.9999, 'position': [0.0, 0.5, 0.0], 'joint_position': [0.0, 1.0, 0.0], 'joint_axis': '-0.7428 -0.3671 -0.8321', 'connections': []}"

0,"{'dimensions': [1, 1, 1], 'recursive_limit': 8, 'mass': 1, 'position': [0, 0, 0.5], 'joint_position': [0, 0.5, 0.5], 'joint_axis': ' 0.6683 -0.1342  0.5376', 'connections': [1]}"
1,"{'dimensions': [1, 1, 1], 'recursive_limit': 7, 'mass': 1, 'position': [0.0, 0.5, 0.0], 'joint_position': [0.0, 1.0, 0.0], 'joint_axis': '-0.6768  0.7879  0.8007', 'connections': [2]}"
2,"{'dimensions': [1, 1, 1], 'recursive_limit': 6, 'mass': 1, 'position': [0.0, 0.5, 0.0], 'joint_position': [0.0, 1.0, 0.0], 'joint_axis': '-0.5375 -0.9029  0.919 ', 'connections': [3]}"
3,"{'dimensions': [1, 1, 1], 'recursive_limit': 5, 'mass': 1, 'position': [0.0, 0.5, 0.0], 'joint_position': [0.0, 1.0, 0.0], 'joint_axis': ' 0.9176 -0.1885 -0.9586', 'connections': [4]}"
4,"{'dimensions': [1, 1, 1], 'recursive_limit': 4, 'mass': 1, 'position': [0.0, 0.5, 0.0], 'joint_position': [0.0, 1.0, 0.0], 'joint_axis': '-0.1693 -0.7166  0.9788', 'connections': [5]}"
5,"{'dimensions': [1, 1, 1], 'recursive_limit': 3, 'mass': 1, 'position': [0.0, 0.5, 0.0], 'joint_position': [0.0, 1.0, 0.0], 'joint_axis': '-0.0686 -0.2174 -0.5099', 'connections': [6]}"
6,"{'dimensions': [1, 1, 1], 'recursive_limit': 2, 'mass': 1, 'position': [0.0, 0.5, 0.0], 'joint_position': [0.0, 1.0, 0.0], 'joint_axis': '-0.4476  0.3657  0.5177', 'connections': [7]}"
7,"{'dimensions': [1, 1, 1], 'recursive_limit': 1, 'mass': 0.9997, 'position': [0.0, 0.5, 0.0], 'joint_position': [0.0, 1.0, 0.0], 'joint_axis': '-0.1195  0.6055  0.8773', 'connections': []}"

0,"{'dimensions': [1, 1, 1], 'recursive_limit': 8, 'mass': 1, 'position': [0, 0, 0.5], 'joint_position': [0, 0.5, 0.5], 'joint_axis': '-0.0966  0.9541  0.4378', 'connections': [1]}"
1,"{'dimensions': [1, 1, 1], 'recursive_limit': 7, 'mass': 1, 'position': [0.0, 0.5, 0.0], 'joint_position': [0.0, 1.0, 0.0], 'joint_axis': '-0.953  -0.093   0.4054', 'connections': [2]}"
2,"{'dimensions': [1, 1, 1], 'recursive_limit': 6, 'mass': 1, 'position': [0.0, 0.5, 0.0], 'joint_position': [0.0, 1.0, 0.0], 'joint_axis': ' 0.8654  0.4986 -0.7892', 'connections': [3]}"
3,"{'dimensions': [1, 1, 1], 'recursive_limit': 5, 'mass': 1, 'position': [0.0, 0.5, 0.0], 'joint_position': [0.0, 1.0, 0.0], 'joint_axis': ' 0.7967  0.6348 -0.4041', 'connections': [4]}"
4,"{'dimensions': [1, 1, 1], 'recursive_limit': 4, 'mass': 1, 'position': [0.0, 0.5, 0.0], 'joint_position': [0.0, 1.0, 0.0], 'joint_axis': '-0.0124 -0.6284 -0.6074', 'connections': [5]}"
5,"{'dimensions': [1, 1, 1], 'recursive_limit': 3, 'mass': 1, 'position': [0.0, 0.5, 0.0], 'joint_position': [0.0, 1.0, 0.0], 'joint_axis': ' 0.6013 -0.4253 -0.4308', 'connections': [6]}"
6,"{'dimensions': [1, 1, 1], 'recursive_limit': 2, 'mass': 1, 'position': [0.0, 0.5, 0.0], 'joint_position': [0.0, 1.0, 0.0], 'joint_axis': ' 0.0304  0.1422 -0.498 ', 'connections': [7]}"
7,"{'dimensions': [1, 1, 1], 'recursive_limit': 1, 'mass': 0.9993, 'position': [0.0, 0.5, 0.0], 'joint_position': [0.0, 1.0, 0.0], 'joint_axis': '-0.7732  0.4623  0.0354', 'connections': []}"

0,"{'dimensions': [1, 1, 1], 'recursive_limit': 8, 'mass': 1, 'position': [0, 0, 0.5], 'joint_position': [0, 0.5, 0.5], 'joint_axis': '-0.0374  0.9363  0.3605', 'connections': [1]}"
1,"{'dimensions': [1, 1, 1], 'recursive_limit': 7, 'mass': 1, 'position': [0.0, 0.5, 0.0], 'joint_position': [0.0, 1.0, 0.0], 'joint_axis': '0.3383 0.4557 0.5149', 'connections': [2]}"
2,"{'dimensions': [1, 1, 1], 'recursive_limit': 6, 'mass': 1, 'position': [0.0, 0.5, 0.0], 'joint_position': [0.0, 1.0, 0.0], 'joint_axis': ' 0.4756  0.6304 -0.1661', 'connections': [3]}"
3,"{'dimensions': [1, 1, 1], 'recursive_limit': 5, 'mass': 1, 'position': [0.0, 0.5, 0.0], 'joint_position': [0.0, 1.0, 0.0], 'joint_axis': '-0.6425  0.498   0.6262', 'connections': [4]}"
4,"{'dimensions': [1, 1, 1], 'recursive_limit': 4, 'mass': 1, 'position': [0.0, 0.5, 0.0], 'joint_position': [0.0, 1.0, 0.0], 'joint_axis': ' 0.1219 -0.9856 -0.4501', 'connections': [5]}"
5,"{'dimensions': [1, 1, 1], 'recursive_limit': 3, 'mass': 1, 'position': [0.0, 0.5, 0.0], 'joint_position': [0.0, 1.0, 0.0], 'joint_axis': '0.5696 0.5465 0.034 ', 'connections': [6]}"
6,"{'dimensions': [1, 1, 1], 'recursive_limit': 2, 'mass': 1, 'position': [0.0, 0.5, 0.0], 'joint_position': [0.0, 1.0, 0.0], 'joint_axis': '-0.1899  0.6244 -0.6043', 'connections': [7]}"
7,"{'dimensions': [1, 1, 1], 'recursive_limit': 1, 'mass': 0.9992, 'position': [0.0, 0.5, 0.0], 'joint_position': [0.0, 1.0, 0.0], 'joint_axis': '-0.5814 -0.6374 -0.9003', 'connections': []}"

0,"{'dimensions': [1, 1, 1], 'recursive_limit': 8, 'mass': 1, 'position': [0, 0, 0.5], 'joint_position': [0, 0.5, 0.5], 'joint_axis': ' 0.4665  0.8101 -0.1423', 'connections': [1]}"
1,"{'dimensions': [1, 1, 1], 'recursive_limit': 7, 'mass': 1, 'position': [0.0, 0.5, 0.0], 'joint_position': [0.0, 1.0, 0.0], 'joint_axis': '-0.7222 -0.3116  0.0795', 'connections': [2]}"
2,"{'dimensions': [1, 1, 1], 'recursive_limit': 6, 'mass': 1, 'position': [0.0, 0.5, 0.0], 'joint_position': [0.0, 1.0, 0.0], 'joint_axis': '0.376  0.9215 0.8244', 'connections': [3]}"
3,"{'dimensions': [1, 1, 1], 'recursive_limit': 5, 'mass': 1, 'position': [0.0, 0.5, 0.0], 'joint_position': [0.0, 1.0, 0.0], 'joint_axis': ' 0.8994  0.8514 -0.2335', 'connections': [4]}"
4,"{'dimensions': [1, 1, 1], 'recursive_limit': 4, 'mass': 1, 'position': [0.0, 0.5, 0.0], 'joint_position': [0.0, 1.0, 0.0], 'joint_axis': '-0.7431  0.9458 -0.3564', 'connections': [5]}"
5,"{'dimensions': [1, 1, 1], 'recursive_limit': 3, 'mass': 1, 'position': [0.0, 0.5, 0.0], 'joint_position': [0.0, 1.0, 0.0], 'joint_axis': '-0.0852  0.3357 -0.7414', 'connections': [6]}"
6,"{'dimensions': [1, 1, 1], 'recursive_limit': 2, 'mass': 1, 'position': [0.0, 0.5, 0.0], 'joint_position': [0.0, 1.0, 0.0], 'joint_axis': '-0.5398 -0.7709 -0.3957', 'connections': [7]}"
7,"{'dimensions': [1, 1, 1], 'recursive_limit': 1, 'mass': 0.9991, 'position': [0.0, 0.5, 0.0], 'joint_position': [0.0, 1.0, 0.0], 'joint_axis': '-0.6454 -0.6615  0.9076', 'connections': []}"



0,"{'dimensions': [1, 1, 1], 'recursive_limit': 8, 'mass': 1, 'position': [0, 0, 0.5], 'joint_position': [0, 0.5, 0.5], 'joint_axis': ' 0.1416  0.1754 -0.1841', 'connections': [1]}"
1,"{'dimensions': [1, 1, 1], 'recursive_limit': 7, 'mass': 1, 'position': [0.0, 0.5, 0.0], 'joint_position': [0.0, 1.0, 0.0], 'joint_axis': '-0.3886  0.9921 -0.915 ', 'connections': [2]}"
2,"{'dimensions': [1, 1, 1], 'recursive_limit': 6, 'mass': 1, 'position': [0.0, 0.5, 0.0], 'joint_position': [0.0, 1.0, 0.0], 'joint_axis': ' 0.2753 -0.6004 -0.1346', 'connections': [3]}"
3,"{'dimensions': [1, 1, 1], 'recursive_limit': 5, 'mass': 1, 'position': [0.0, 0.5, 0.0], 'joint_position': [0.0, 1.0, 0.0], 'joint_axis': ' 0.0095  0.0028 -0.6336', 'connections': [4]}"
4,"{'dimensions': [1, 1, 1], 'recursive_limit': 4, 'mass': 1, 'position': [0.0, 0.5, 0.0], 'joint_position': [0.0, 1.0, 0.0], 'joint_axis': '-0.443  -0.6872  0.7365', 'connections': [5]}"
5,"{'dimensions': [1, 1, 1], 'recursive_limit': 3, 'mass': 1, 'position': [0.0, 0.5, 0.0], 'joint_position': [0.0, 1.0, 0.0], 'joint_axis': ' 0.2689 -0.2493  0.6316', 'connections': [6]}"
6,"{'dimensions': [1, 1, 1], 'recursive_limit': 2, 'mass': 1, 'position': [0.0, 0.5, 0.0], 'joint_position': [0.0, 1.0, 0.0], 'joint_axis': '-0.4159  0.7425  0.5708', 'connections': [7]}"
7,"{'dimensions': [1, 1, 1], 'recursive_limit': 1, 'mass': 0.9999, 'position': [0.0, 0.5, 0.0], 'joint_position': [0.0, 1.0, 0.0], 'joint_axis': '-0.7428 -0.3671 -0.8321', 'connections': []}"

0,"{'dimensions': [1, 1, 1], 'recursive_limit': 8, 'mass': 1, 'position': [0, 0, 0.5], 'joint_position': [0, 0.5, 0.5], 'joint_axis': ' 0.6683 -0.1342  0.5376', 'connections': [1]}"
1,"{'dimensions': [1, 1, 1], 'recursive_limit': 7, 'mass': 1, 'position': [0.0, 0.5, 0.0], 'joint_position': [0.0, 1.0, 0.0], 'joint_axis': '-0.6768  0.7879  0.8007', 'connections': [2]}"
2,"{'dimensions': [1, 1, 1], 'recursive_limit': 6, 'mass': 1, 'position': [0.0, 0.5, 0.0], 'joint_position': [0.0, 1.0, 0.0], 'joint_axis': '-0.5375 -0.9029  0.919 ', 'connections': [3]}"
3,"{'dimensions': [1, 1, 1], 'recursive_limit': 5, 'mass': 1, 'position': [0.0, 0.5, 0.0], 'joint_position': [0.0, 1.0, 0.0], 'joint_axis': ' 0.9176 -0.1885 -0.9586', 'connections': [4]}"
4,"{'dimensions': [1, 1, 1], 'recursive_limit': 4, 'mass': 1, 'position': [0.0, 0.5, 0.0], 'joint_position': [0.0, 1.0, 0.0], 'joint_axis': '-0.1693 -0.7166  0.9788', 'connections': [5]}"
5,"{'dimensions': [1, 1, 1], 'recursive_limit': 3, 'mass': 1, 'position': [0.0, 0.5, 0.0], 'joint_position': [0.0, 1.0, 0.0], 'joint_axis': '-0.0686 -0.2174 -0.5099', 'connections': [6]}"
6,"{'dimensions': [1, 1, 1], 'recursive_limit': 2, 'mass': 1, 'position': [0.0, 0.5, 0.0], 'joint_position': [0.0, 1.0, 0.0], 'joint_axis': '-0.4476  0.3657  0.5177', 'connections': [7]}"
7,"{'dimensions': [1, 1, 1], 'recursive_limit': 1, 'mass': 0.9997, 'position': [0.0, 0.5, 0.0], 'joint_position': [0.0, 1.0, 0.0], 'joint_axis': '-0.1195  0.6055  0.8773', 'connections': []}"

0,"{'dimensions': [1, 1, 1], 'recursive_limit': 8, 'mass': 1, 'position': [0, 0, 0.5], 'joint_position': [0, 0.5, 0.5], 'joint_axis': '-0.0966  0.9541  0.4378', 'connections': [1]}"
1,"{'dimensions': [1, 1, 1], 'recursive_limit': 7, 'mass': 1, 'position': [0.0, 0.5, 0.0], 'joint_position': [0.0, 1.0, 0.0], 'joint_axis': '-0.953  -0.093   0.4054', 'connections': [2]}"
2,"{'dimensions': [1, 1, 1], 'recursive_limit': 6, 'mass': 1, 'position': [0.0, 0.5, 0.0], 'joint_position': [0.0, 1.0, 0.0], 'joint_axis': ' 0.8654  0.4986 -0.7892', 'connections': [3]}"
3,"{'dimensions': [1, 1, 1], 'recursive_limit': 5, 'mass': 1, 'position': [0.0, 0.5, 0.0], 'joint_position': [0.0, 1.0, 0.0], 'joint_axis': ' 0.7967  0.6348 -0.4041', 'connections': [4]}"
4,"{'dimensions': [1, 1, 1], 'recursive_limit': 4, 'mass': 1, 'position': [0.0, 0.5, 0.0], 'joint_position': [0.0, 1.0, 0.0], 'joint_axis': '-0.0124 -0.6284 -0.6074', 'connections': [5]}"
5,"{'dimensions': [1, 1, 1], 'recursive_limit': 3, 'mass': 1, 'position': [0.0, 0.5, 0.0], 'joint_position': [0.0, 1.0, 0.0], 'joint_axis': ' 0.6013 -0.4253 -0.4308', 'connections': [6]}"
6,"{'dimensions': [1, 1, 1], 'recursive_limit': 2, 'mass': 1, 'position': [0.0, 0.5, 0.0], 'joint_position': [0.0, 1.0, 0.0], 'joint_axis': ' 0.0304  0.1422 -0.498 ', 'connections': [7]}"
7,"{'dimensions': [1, 1, 1], 'recursive_limit': 1, 'mass': 0.9993, 'position': [0.0, 0.5, 0.0], 'joint_position': [0.0, 1.0, 0.0], 'joint_axis': '-0.7732  0.4623  0.0354', 'connections': []}"

0,"{'dimensions': [1, 1, 1], 'recursive_limit': 8, 'mass': 1, 'position': [0, 0, 0.5], 'joint_position': [0, 0.5, 0.5], 'joint_axis': '-0.0374  0.9363  0.3605', 'connections': [1]}"
1,"{'dimensions': [1, 1, 1], 'recursive_limit': 7, 'mass': 1, 'position': [0.0, 0.5, 0.0], 'joint_position': [0.0, 1.0, 0.0], 'joint_axis': '0.3383 0.4557 0.5149', 'connections': [2]}"
2,"{'dimensions': [1, 1, 1], 'recursive_limit': 6, 'mass': 1, 'position': [0.0, 0.5, 0.0], 'joint_position': [0.0, 1.0, 0.0], 'joint_axis': ' 0.4756  0.6304 -0.1661', 'connections': [3]}"
3,"{'dimensions': [1, 1, 1], 'recursive_limit': 5, 'mass': 1, 'position': [0.0, 0.5, 0.0], 'joint_position': [0.0, 1.0, 0.0], 'joint_axis': '-0.6425  0.498   0.6262', 'connections': [4]}"
4,"{'dimensions': [1, 1, 1], 'recursive_limit': 4, 'mass': 1, 'position': [0.0, 0.5, 0.0], 'joint_position': [0.0, 1.0, 0.0], 'joint_axis': ' 0.1219 -0.9856 -0.4501', 'connections': [5]}"
5,"{'dimensions': [1, 1, 1], 'recursive_limit': 3, 'mass': 1, 'position': [0.0, 0.5, 0.0], 'joint_position': [0.0, 1.0, 0.0], 'joint_axis': '0.5696 0.5465 0.034 ', 'connections': [6]}"
6,"{'dimensions': [1, 1, 1], 'recursive_limit': 2, 'mass': 1, 'position': [0.0, 0.5, 0.0], 'joint_position': [0.0, 1.0, 0.0], 'joint_axis': '-0.1899  0.6244 -0.6043', 'connections': [7]}"
7,"{'dimensions': [1, 1, 1], 'recursive_limit': 1, 'mass': 0.9992, 'position': [0.0, 0.5, 0.0], 'joint_position': [0.0, 1.0, 0.0], 'joint_axis': '-0.5814 -0.6374 -0.9003', 'connections': []}"

0,"{'dimensions': [1, 1, 1], 'recursive_limit': 8, 'mass': 1, 'position': [0, 0, 0.5], 'joint_position': [0, 0.5, 0.5], 'joint_axis': ' 0.4665  0.8101 -0.1423', 'connections': [1]}"
1,"{'dimensions': [1, 1, 1], 'recursive_limit': 7, 'mass': 1, 'position': [0.0, 0.5, 0.0], 'joint_position': [0.0, 1.0, 0.0], 'joint_axis': '-0.7222 -0.3116  0.0795', 'connections': [2]}"
2,"{'dimensions': [1, 1, 1], 'recursive_limit': 6, 'mass': 1, 'position': [0.0, 0.5, 0.0], 'joint_position': [0.0, 1.0, 0.0], 'joint_axis': '0.376  0.9215 0.8244', 'connections': [3]}"
3,"{'dimensions': [1, 1, 1], 'recursive_limit': 5, 'mass': 1, 'position': [0.0, 0.5, 0.0], 'joint_position': [0.0, 1.0, 0.0], 'joint_axis': ' 0.8994  0.8514 -0.2335', 'connections': [4]}"
4,"{'dimensions': [1, 1, 1], 'recursive_limit': 4, 'mass': 1, 'position': [0.0, 0.5, 0.0], 'joint_position': [0.0, 1.0, 0.0], 'joint_axis': '-0.7431  0.9458 -0.3564', 'connections': [5]}"
5,"{'dimensions': [1, 1, 1], 'recursive_limit': 3, 'mass': 1, 'position': [0.0, 0.5, 0.0], 'joint_position': [0.0, 1.0, 0.0], 'joint_axis': '-0.0852  0.3357 -0.7414', 'connections': [6]}"
6,"{'dimensions': [1, 1, 1], 'recursive_limit': 2, 'mass': 1, 'position': [0.0, 0.5, 0.0], 'joint_position': [0.0, 1.0, 0.0], 'joint_axis': '-0.5398 -0.7709 -0.3957', 'connections': [7]}"
7,"{'dimensions': [1, 1, 1], 'recursive_limit': 1, 'mass': 0.9991, 'position': [0.0, 0.5, 0.0], 'joint_position': [0.0, 1.0, 0.0], 'joint_axis': '-0.6454 -0.6615  0.9076', 'connections': []}"



0,"{'dimensions': [1, 1, 1], 'recursive_limit': 8, 'mass': 1, 'position': [0, 0, 0.5], 'joint_position': [0, 0.5, 0.5], 'joint_axis': ' 0.1416  0.1754 -0.1841', 'connections': [1]}"
1,"{'dimensions': [1, 1, 1], 'recursive_limit': 7, 'mass': 1, 'position': [0.0, 0.5, 0.0], 'joint_position': [0.0, 1.0, 0.0], 'joint_axis': '-0.3886  0.9921 -0.915 ', 'connections': [2]}"
2,"{'dimensions': [1, 1, 1], 'recursive_limit': 6, 'mass': 1, 'position': [0.0, 0.5, 0.0], 'joint_position': [0.0, 1.0, 0.0], 'joint_axis': ' 0.2753 -0.6004 -0.1346', 'connections': [3]}"
3,"{'dimensions': [1, 1, 1], 'recursive_limit': 5, 'mass': 1, 'position': [0.0, 0.5, 0.0], 'joint_position': [0.0, 1.0, 0.0], 'joint_axis': ' 0.0095  0.0028 -0.6336', 'connections': [4]}"
4,"{'dimensions': [1, 1, 1], 'recursive_limit': 4, 'mass': 1, 'position': [0.0, 0.5, 0.0], 'joint_position': [0.0, 1.0, 0.0], 'joint_axis': '-0.443  -0.6872  0.7365', 'connections': [5]}"
5,"{'dimensions': [1, 1, 1], 'recursive_limit': 3, 'mass': 1, 'position': [0.0, 0.5, 0.0], 'joint_position': [0.0, 1.0, 0.0], 'joint_axis': ' 0.2689 -0.2493  0.6316', 'connections': [6]}"
6,"{'dimensions': [1, 1, 1], 'recursive_limit': 2, 'mass': 1, 'position': [0.0, 0.5, 0.0], 'joint_position': [0.0, 1.0, 0.0], 'joint_axis': '-0.4159  0.7425  0.5708', 'connections': [7]}"
7,"{'dimensions': [1, 1, 1], 'recursive_limit': 1, 'mass': 0.9999, 'position': [0.0, 0.5, 0.0], 'joint_position': [0.0, 1.0, 0.0], 'joint_axis': '-0.7428 -0.3671 -0.8321', 'connections': []}"

0,"{'dimensions': [1, 1, 1], 'recursive_limit': 8, 'mass': 1, 'position': [0, 0, 0.5], 'joint_position': [0, 0.5, 0.5], 'joint_axis': ' 0.6683 -0.1342  0.5376', 'connections': [1]}"
1,"{'dimensions': [1, 1, 1], 'recursive_limit': 7, 'mass': 1, 'position': [0.0, 0.5, 0.0], 'joint_position': [0.0, 1.0, 0.0], 'joint_axis': '-0.6768  0.7879  0.8007', 'connections': [2]}"
2,"{'dimensions': [1, 1, 1], 'recursive_limit': 6, 'mass': 1, 'position': [0.0, 0.5, 0.0], 'joint_position': [0.0, 1.0, 0.0], 'joint_axis': '-0.5375 -0.9029  0.919 ', 'connections': [3]}"
3,"{'dimensions': [1, 1, 1], 'recursive_limit': 5, 'mass': 1, 'position': [0.0, 0.5, 0.0], 'joint_position': [0.0, 1.0, 0.0], 'joint_axis': ' 0.9176 -0.1885 -0.9586', 'connections': [4]}"
4,"{'dimensions': [1, 1, 1], 'recursive_limit': 4, 'mass': 1, 'position': [0.0, 0.5, 0.0], 'joint_position': [0.0, 1.0, 0.0], 'joint_axis': '-0.1693 -0.7166  0.9788', 'connections': [5]}"
5,"{'dimensions': [1, 1, 1], 'recursive_limit': 3, 'mass': 1, 'position': [0.0, 0.5, 0.0], 'joint_position': [0.0, 1.0, 0.0], 'joint_axis': '-0.0686 -0.2174 -0.5099', 'connections': [6]}"
6,"{'dimensions': [1, 1, 1], 'recursive_limit': 2, 'mass': 1, 'position': [0.0, 0.5, 0.0], 'joint_position': [0.0, 1.0, 0.0], 'joint_axis': '-0.4476  0.3657  0.5177', 'connections': [7]}"
7,"{'dimensions': [1, 1, 1], 'recursive_limit': 1, 'mass': 0.9997, 'position': [0.0, 0.5, 0.0], 'joint_position': [0.0, 1.0, 0.0], 'joint_axis': '-0.1195  0.6055  0.8773', 'connections': []}"

0,"{'dimensions': [1, 1, 1], 'recursive_limit': 8, 'mass': 1, 'position': [0, 0, 0.5], 'joint_position': [0, 0.5, 0.5], 'joint_axis': '-0.0966  0.9541  0.4378', 'connections': [1]}"
1,"{'dimensions': [1, 1, 1], 'recursive_limit': 7, 'mass': 1, 'position': [0.0, 0.5, 0.0], 'joint_position': [0.0, 1.0, 0.0], 'joint_axis': '-0.953  -0.093   0.4054', 'connections': [2]}"
2,"{'dimensions': [1, 1, 1], 'recursive_limit': 6, 'mass': 1, 'position': [0.0, 0.5, 0.0], 'joint_position': [0.0, 1.0, 0.0], 'joint_axis': ' 0.8654  0.4986 -0.7892', 'connections': [3]}"
3,"{'dimensions': [1, 1, 1], 'recursive_limit': 5, 'mass': 1, 'position': [0.0, 0.5, 0.0], 'joint_position': [0.0, 1.0, 0.0], 'joint_axis': ' 0.7967  0.6348 -0.4041', 'connections': [4]}"
4,"{'dimensions': [1, 1, 1], 'recursive_limit': 4, 'mass': 1, 'position': [0.0, 0.5, 0.0], 'joint_position': [0.0, 1.0, 0.0], 'joint_axis': '-0.0124 -0.6284 -0.6074', 'connections': [5]}"
5,"{'dimensions': [1, 1, 1], 'recursive_limit': 3, 'mass': 1, 'position': [0.0, 0.5, 0.0], 'joint_position': [0.0, 1.0, 0.0], 'joint_axis': ' 0.6013 -0.4253 -0.4308', 'connections': [6]}"
6,"{'dimensions': [1, 1, 1], 'recursive_limit': 2, 'mass': 1, 'position': [0.0, 0.5, 0.0], 'joint_position': [0.0, 1.0, 0.0], 'joint_axis': ' 0.0304  0.1422 -0.498 ', 'connections': [7]}"
7,"{'dimensions': [1, 1, 1], 'recursive_limit': 1, 'mass': 0.9992, 'position': [0.0, 0.5, 0.0], 'joint_position': [0.0, 1.0, 0.0], 'joint_axis': '-0.7732  0.4623  0.0354', 'connections': []}"

0,"{'dimensions': [1, 1, 1], 'recursive_limit': 8, 'mass': 1, 'position': [0, 0, 0.5], 'joint_position': [0, 0.5, 0.5], 'joint_axis': '-0.0374  0.9363  0.3605', 'connections': [1]}"
1,"{'dimensions': [1, 1, 1], 'recursive_limit': 7, 'mass': 1, 'position': [0.0, 0.5, 0.0], 'joint_position': [0.0, 1.0, 0.0], 'joint_axis': '0.3383 0.4557 0.5149', 'connections': [2]}"
2,"{'dimensions': [1, 1, 1], 'recursive_limit': 6, 'mass': 1, 'position': [0.0, 0.5, 0.0], 'joint_position': [0.0, 1.0, 0.0], 'joint_axis': ' 0.4756  0.6304 -0.1661', 'connections': [3]}"
3,"{'dimensions': [1, 1, 1], 'recursive_limit': 5, 'mass': 1, 'position': [0.0, 0.5, 0.0], 'joint_position': [0.0, 1.0, 0.0], 'joint_axis': '-0.6425  0.498   0.6262', 'connections': [4]}"
4,"{'dimensions': [1, 1, 1], 'recursive_limit': 4, 'mass': 1, 'position': [0.0, 0.5, 0.0], 'joint_position': [0.0, 1.0, 0.0], 'joint_axis': ' 0.1219 -0.9856 -0.4501', 'connections': [5]}"
5,"{'dimensions': [1, 1, 1], 'recursive_limit': 3, 'mass': 1, 'position': [0.0, 0.5, 0.0], 'joint_position': [0.0, 1.0, 0.0], 'joint_axis': '0.5696 0.5465 0.034 ', 'connections': [6]}"
6,"{'dimensions': [1, 1, 1], 'recursive_limit': 2, 'mass': 1, 'position': [0.0, 0.5, 0.0], 'joint_position': [0.0, 1.0, 0.0], 'joint_axis': '-0.1899  0.6244 -0.6043', 'connections': [7]}"
7,"{'dimensions': [1, 1, 1], 'recursive_limit': 1, 'mass': 0.9992, 'position': [0.0, 0.5, 0.0], 'joint_position': [0.0, 1.0, 0.0], 'joint_axis': '-0.5814 -0.6374 -0.9003', 'connections': []}"

0,"{'dimensions': [1, 1, 1], 'recursive_limit': 8, 'mass': 1, 'position': [0, 0, 0.5], 'joint_position': [0, 0.5, 0.5], 'joint_axis': ' 0.4665  0.8101 -0.1423', 'connections': [1]}"
1,"{'dimensions': [1, 1, 1], 'recursive_limit': 7, 'mass': 1, 'position': [0.0, 0.5, 0.0], 'joint_position': [0.0, 1.0, 0.0], 'joint_axis': '-0.7222 -0.3116  0.0795', 'connections': [2]}"
2,"{'dimensions': [1, 1, 1], 'recursive_limit': 6, 'mass': 1, 'position': [0.0, 0.5, 0.0], 'joint_position': [0.0, 1.0, 0.0], 'joint_axis': '0.376  0.9215 0.8244', 'connections': [3]}"
3,"{'dimensions': [1, 1, 1], 'recursive_limit': 5, 'mass': 1, 'position': [0.0, 0.5, 0.0], 'joint_position': [0.0, 1.0, 0.0], 'joint_axis': ' 0.8994  0.8514 -0.2335', 'connections': [4]}"
4,"{'dimensions': [1, 1, 1], 'recursive_limit': 4, 'mass': 1, 'position': [0.0, 0.5, 0.0], 'joint_position': [0.0, 1.0, 0.0], 'joint_axis': '-0.7431  0.9458 -0.3564', 'connections': [5]}"
5,"{'dimensions': [1, 1, 1], 'recursive_limit': 3, 'mass': 1, 'position': [0.0, 0.5, 0.0], 'joint_position': [0.0, 1.0, 0.0], 'joint_axis': '-0.0852  0.3357 -0.7414', 'connections': [6]}"
6,"{'dimensions': [1, 1, 1], 'recursive_limit': 2, 'mass': 1, 'position': [0.0, 0.5, 0.0], 'joint_position': [0.0, 1.0, 0.0], 'joint_axis': '-0.5398 -0.7709 -0.3957', 'connections': [7]}"
7,"{'dimensions': [1, 1, 1], 'recursive_limit': 1, 'mass': 0.9991, 'position': [0.0, 0.5, 0.0], 'joint_position': [0.0, 1.0, 0.0], 'joint_axis': '-0.6454 -0.6615  0.9076', 'connections': []}"



0,"{'dimensions': [1, 1, 1], 'recursive_limit': 8, 'mass': 1, 'position': [0, 0, 0.5], 'joint_position': [0, 0.5, 0.5], 'joint_axis': ' 0.1416  0.1754 -0.1841', 'connections': [1]}"
1,"{'dimensions': [1, 1, 1], 'recursive_limit': 7, 'mass': 1, 'position': [0.0, 0.5, 0.0], 'joint_position': [0.0, 1.0, 0.0], 'joint_axis': '-0.3886  0.9921 -0.915 ', 'connections': [2]}"
2,"{'dimensions': [1, 1, 1], 'recursive_limit': 6, 'mass': 1, 'position': [0.0, 0.5, 0.0], 'joint_position': [0.0, 1.0, 0.0], 'joint_axis': ' 0.2753 -0.6004 -0.1346', 'connections': [3]}"
3,"{'dimensions': [1, 1, 1], 'recursive_limit': 5, 'mass': 1, 'position': [0.0, 0.5, 0.0], 'joint_position': [0.0, 1.0, 0.0], 'joint_axis': ' 0.0095  0.0028 -0.6336', 'connections': [4]}"
4,"{'dimensions': [1, 1, 1], 'recursive_limit': 4, 'mass': 1, 'position': [0.0, 0.5, 0.0], 'joint_position': [0.0, 1.0, 0.0], 'joint_axis': '-0.443  -0.6872  0.7365', 'connections': [5]}"
5,"{'dimensions': [1, 1, 1], 'recursive_limit': 3, 'mass': 1, 'position': [0.0, 0.5, 0.0], 'joint_position': [0.0, 1.0, 0.0], 'joint_axis': ' 0.2689 -0.2493  0.6316', 'connections': [6]}"
6,"{'dimensions': [1, 1, 1], 'recursive_limit': 2, 'mass': 1, 'position': [0.0, 0.5, 0.0], 'joint_position': [0.0, 1.0, 0.0], 'joint_axis': '-0.4159  0.7425  0.5708', 'connections': [7]}"
7,"{'dimensions': [1, 1, 1], 'recursive_limit': 1, 'mass': 0.9999, 'position': [0.0, 0.5, 0.0], 'joint_position': [0.0, 1.0, 0.0], 'joint_axis': '-0.7428 -0.3671 -0.8321', 'connections': []}"

0,"{'dimensions': [1, 1, 1], 'recursive_limit': 8, 'mass': 1, 'position': [0, 0, 0.5], 'joint_position': [0, 0.5, 0.5], 'joint_axis': ' 0.6683 -0.1342  0.5376', 'connections': [1]}"
1,"{'dimensions': [1, 1, 1], 'recursive_limit': 7, 'mass': 1, 'position': [0.0, 0.5, 0.0], 'joint_position': [0.0, 1.0, 0.0], 'joint_axis': '-0.6768  0.7879  0.8007', 'connections': [2]}"
2,"{'dimensions': [1, 1, 1], 'recursive_limit': 6, 'mass': 1, 'position': [0.0, 0.5, 0.0], 'joint_position': [0.0, 1.0, 0.0], 'joint_axis': '-0.5375 -0.9029  0.919 ', 'connections': [3]}"
3,"{'dimensions': [1, 1, 1], 'recursive_limit': 5, 'mass': 1, 'position': [0.0, 0.5, 0.0], 'joint_position': [0.0, 1.0, 0.0], 'joint_axis': ' 0.9176 -0.1885 -0.9586', 'connections': [4]}"
4,"{'dimensions': [1, 1, 1], 'recursive_limit': 4, 'mass': 1, 'position': [0.0, 0.5, 0.0], 'joint_position': [0.0, 1.0, 0.0], 'joint_axis': '-0.1693 -0.7166  0.9788', 'connections': [5]}"
5,"{'dimensions': [1, 1, 1], 'recursive_limit': 3, 'mass': 1, 'position': [0.0, 0.5, 0.0], 'joint_position': [0.0, 1.0, 0.0], 'joint_axis': '-0.0686 -0.2174 -0.5099', 'connections': [6]}"
6,"{'dimensions': [1, 1, 1], 'recursive_limit': 2, 'mass': 1, 'position': [0.0, 0.5, 0.0], 'joint_position': [0.0, 1.0, 0.0], 'joint_axis': '-0.4476  0.3657  0.5177', 'connections': [7]}"
7,"{'dimensions': [1, 1, 1], 'recursive_limit': 1, 'mass': 0.9997, 'position': [0.0, 0.5, 0.0], 'joint_position': [0.0, 1.0, 0.0], 'joint_axis': '-0.1195  0.6055  0.8773', 'connections': []}"

0,"{'dimensions': [1, 1, 1], 'recursive_limit': 8, 'mass': 1, 'position': [0, 0, 0.5], 'joint_position': [0, 0.5, 0.5], 'joint_axis': '-0.0966  0.9541  0.4378', 'connections': [1]}"
1,"{'dimensions': [1, 1, 1], 'recursive_limit': 7, 'mass': 1, 'position': [0.0, 0.5, 0.0], 'joint_position': [0.0, 1.0, 0.0], 'joint_axis': '-0.953  -0.093   0.4054', 'connections': [2]}"
2,"{'dimensions': [1, 1, 1], 'recursive_limit': 6, 'mass': 1, 'position': [0.0, 0.5, 0.0], 'joint_position': [0.0, 1.0, 0.0], 'joint_axis': ' 0.8654  0.4986 -0.7892', 'connections': [3]}"
3,"{'dimensions': [1, 1, 1], 'recursive_limit': 5, 'mass': 1, 'position': [0.0, 0.5, 0.0], 'joint_position': [0.0, 1.0, 0.0], 'joint_axis': ' 0.7967  0.6348 -0.4041', 'connections': [4]}"
4,"{'dimensions': [1, 1, 1], 'recursive_limit': 4, 'mass': 1, 'position': [0.0, 0.5, 0.0], 'joint_position': [0.0, 1.0, 0.0], 'joint_axis': '-0.0124 -0.6284 -0.6074', 'connections': [5]}"
5,"{'dimensions': [1, 1, 1], 'recursive_limit': 3, 'mass': 1, 'position': [0.0, 0.5, 0.0], 'joint_position': [0.0, 1.0, 0.0], 'joint_axis': ' 0.6013 -0.4253 -0.4308', 'connections': [6]}"
6,"{'dimensions': [1, 1, 1], 'recursive_limit': 2, 'mass': 1, 'position': [0.0, 0.5, 0.0], 'joint_position': [0.0, 1.0, 0.0], 'joint_axis': ' 0.0304  0.1422 -0.498 ', 'connections': [7]}"
7,"{'dimensions': [1, 1, 1], 'recursive_limit': 1, 'mass': 0.9992, 'position': [0.0, 0.5, 0.0], 'joint_position': [0.0, 1.0, 0.0], 'joint_axis': '-0.7732  0.4623  0.0354', 'connections': []}"

0,"{'dimensions': [1, 1, 1], 'recursive_limit': 8, 'mass': 1, 'position': [0, 0, 0.5], 'joint_position': [0, 0.5, 0.5], 'joint_axis': '-0.0374  0.9363  0.3605', 'connections': [1]}"
1,"{'dimensions': [1, 1, 1], 'recursive_limit': 7, 'mass': 1, 'position': [0.0, 0.5, 0.0], 'joint_position': [0.0, 1.0, 0.0], 'joint_axis': '0.3383 0.4557 0.5149', 'connections': [2]}"
2,"{'dimensions': [1, 1, 1], 'recursive_limit': 6, 'mass': 1, 'position': [0.0, 0.5, 0.0], 'joint_position': [0.0, 1.0, 0.0], 'joint_axis': ' 0.4756  0.6304 -0.1661', 'connections': [3]}"
3,"{'dimensions': [1, 1, 1], 'recursive_limit': 5, 'mass': 1, 'position': [0.0, 0.5, 0.0], 'joint_position': [0.0, 1.0, 0.0], 'joint_axis': '-0.6425  0.498   0.6262', 'connections': [4]}"
4,"{'dimensions': [1, 1, 1], 'recursive_limit': 4, 'mass': 1, 'position': [0.0, 0.5, 0.0], 'joint_position': [0.0, 1.0, 0.0], 'joint_axis': ' 0.1219 -0.9856 -0.4501', 'connections': [5]}"
5,"{'dimensions': [1, 1, 1], 'recursive_limit': 3, 'mass': 1, 'position': [0.0, 0.5, 0.0], 'joint_position': [0.0, 1.0, 0.0], 'joint_axis': '0.5696 0.5465 0.034 ', 'connections': [6]}"
6,"{'dimensions': [1, 1, 1], 'recursive_limit': 2, 'mass': 1, 'position': [0.0, 0.5, 0.0], 'joint_position': [0.0, 1.0, 0.0], 'joint_axis': '-0.1899  0.6244 -0.6043', 'connections': [7]}"
7,"{'dimensions': [1, 1, 1], 'recursive_limit': 1, 'mass': 0.9992, 'position': [0.0, 0.5, 0.0], 'joint_position': [0.0, 1.0, 0.0], 'joint_axis': '-0.5814 -0.6374 -0.9003', 'connections': []}"

0,"{'dimensions': [1, 1, 1], 'recursive_limit': 8, 'mass': 1, 'position': [0, 0, 0.5], 'joint_position': [0, 0.5, 0.5], 'joint_axis': ' 0.4665  0.8101 -0.1423', 'connections': [1]}"
1,"{'dimensions': [1, 1, 1], 'recursive_limit': 7, 'mass': 1, 'position': [0.0, 0.5, 0.0], 'joint_position': [0.0, 1.0, 0.0], 'joint_axis': '-0.7222 -0.3116  0.0795', 'connections': [2]}"
2,"{'dimensions': [1, 1, 1], 'recursive_limit': 6, 'mass': 1, 'position': [0.0, 0.5, 0.0], 'joint_position': [0.0, 1.0, 0.0], 'joint_axis': '0.376  0.9215 0.8244', 'connections': [3]}"
3,"{'dimensions': [1, 1, 1], 'recursive_limit': 5, 'mass': 1, 'position': [0.0, 0.5, 0.0], 'joint_position': [0.0, 1.0, 0.0], 'joint_axis': ' 0.8994  0.8514 -0.2335', 'connections': [4]}"
4,"{'dimensions': [1, 1, 1], 'recursive_limit': 4, 'mass': 1, 'position': [0.0, 0.5, 0.0], 'joint_position': [0.0, 1.0, 0.0], 'joint_axis': '-0.7431  0.9458 -0.3564', 'connections': [5]}"
5,"{'dimensions': [1, 1, 1], 'recursive_limit': 3, 'mass': 1, 'position': [0.0, 0.5, 0.0], 'joint_position': [0.0, 1.0, 0.0], 'joint_axis': '-0.0852  0.3357 -0.7414', 'connections': [6]}"
6,"{'dimensions': [1, 1, 1], 'recursive_limit': 2, 'mass': 1, 'position': [0.0, 0.5, 0.0], 'joint_position': [0.0, 1.0, 0.0], 'joint_axis': '-0.5398 -0.7709 -0.3957', 'connections': [7]}"
7,"{'dimensions': [1, 1, 1], 'recursive_limit': 1, 'mass': 0.9991, 'position': [0.0, 0.5, 0.0], 'joint_position': [0.0, 1.0, 0.0], 'joint_axis': '-0.6454 -0.6615  0.9076', 'connections': []}"



